R/packages/topocatch/test/out/acc.asc
ncols	75
nrows	75
xllcorner	4610588
yllcorner	5628103
cellsize	40
nodata_value	-9999
0 0 0 0 0 0 0 0 0 0 0 0 0 0 0 0 0 0 0 0 0 0 0 0 0 0 0 0 0 0 0 0 0 0 0 0 0 0 0 0 0 0 0 0 0 0 0 0 0 0 0 0 0 0 0 0 0 0 0 0 0 0 0 0 0 0 0 0 0 0 0 0 0 0 0
0 2 2 2 8 6 2 1 3 4 1 4 1 8 113 5 4 1 23 21 1 5 9 2 4 1 3 77 8 14 1 7 1 3 2 1 1 3 3 1 1 2 3 1 287 7 3 2 1 1 2 10 1 4 1 1 2 4 6 4 1 4 2 4 1 1 2 1 2 29 4 10 243 1 0
0 1 1 1 1 7 5 1 2 3 2 1 5 2 71 36 1 2 1 1 19 6 4 8 1 3 2 70 6 7 13 1 5 2 2 1 1 2 1 4 5 8 10 45 240 1 3 2 1 1 1 2 7 1 2 1 3 5 2 1 3 1 1 1 2 3 4 25 26 3 5 1 241 1 0
0 1 1 1 1 1 5 4 1 2 1 4 1 3 62 5 34 29 6 4 2 12 5 3 7 2 1 19 50 5 6 11 2 2 1 1 1 1 2 1 2 1 1 33 239 13 6 5 4 2 1 1 5 1 1 2 4 1 1 2 1 1 2 3 4 18 20 1 2 4 1 236 1 1 0
0 2 2 2 1 1 5 4 3 1 1 2 2 3 38 20 4 4 22 1 1 1 11 4 2 6 1 18 1 48 4 5 8 1 1 2 3 5 6 7 17 27 32 21 178 26 6 5 4 3 2 1 3 1 1 3 1 2 1 1 1 2 3 4 13 1 1 2 3 224 234 5 6 7 0
0 3 3 2 9 7 1 4 3 2 1 1 2 3 34 17 2 3 3 21 17 12 3 10 3 1 5 1 16 4 43 3 4 7 5 1 1 2 6 9 9 4 6 14 155 22 25 6 5 4 3 2 1 2 2 1 2 3 6 2 4 6 7 8 1 2 3 4 223 9 4 1 2 10 0
0 4 16 13 3 2 1 1 3 2 1 1 2 10 4 19 16 1 2 2 3 4 8 2 9 2 1 3 15 1 2 42 2 3 1 4 1 3 2 8 3 5 5 8 154 18 3 18 6 5 4 3 2 1 1 1 2 3 4 11 12 13 14 15 16 17 18 218 8 3 3 4 5 10 0
0 26 9 8 7 6 5 3 2 2 1 1 2 7 3 6 12 15 1 1 1 2 3 7 1 8 1 2 7 7 1 6 35 1 2 3 2 1 7 2 4 4 7 9 137 7 17 2 11 5 4 3 2 1 1 2 3 4 5 6 7 8 9 10 11 12 199 7 2 2 1 2 3 1 0
0 8 7 6 5 4 3 2 1 1 1 1 1 3 2 2 5 11 13 12 11 9 1 2 6 4 3 1 6 1 5 5 12 22 1 2 1 6 1 3 3 6 8 3 59 74 6 16 1 5 4 3 1 1 1 2 3 4 5 6 7 8 9 10 146 186 6 1 1 1 2 3 4 25 0
0 4 3 2 1 1 1 1 1 1 1 1 1 1 1 1 1 4 10 9 8 1 8 7 1 5 3 2 1 4 4 4 11 5 16 1 4 1 2 2 5 7 2 5 53 13 60 5 15 9 5 1 1 1 2 3 4 5 6 13 14 15 16 135 39 2 3 4 9 10 11 12 13 20 0
0 7 6 5 4 2 2 2 1 3 1 3 1 1 1 1 2 1 3 2 1 7 6 5 6 5 4 2 1 3 3 3 10 4 14 1 3 1 1 4 6 1 4 5 47 12 54 5 4 5 3 3 1 1 2 3 4 5 6 1 2 3 118 38 1 2 3 4 1 2 3 4 5 1 0
0 7 6 5 4 3 3 1 2 5 4 2 2 2 2 3 2 1 6 5 4 3 2 1 4 3 4 3 1 2 2 2 9 3 6 7 1 1 3 1 4 3 4 38 8 11 7 46 4 3 4 2 1 1 2 3 4 5 6 7 8 114 33 4 1 2 3 8 9 10 11 12 13 14 0
0 2948 3 2 1 1 4 76 72 66 57 52 47 44 8 4 1 15 8 7 6 5 4 3 2 1 2 3 2 1 1 1 8 2 5 1 5 1 1 3 2 3 4 33 7 10 6 13 32 3 2 3 1 1 2 3 4 5 6 7 105 23 9 3 1 2 7 2 4 5 6 7 8 9 0
0 2944 2 1 1 2 81 2 1 2 2 2 2 1 32 27 26 10 9 8 7 6 5 4 3 2 1 1 2 1 1 3 7 1 3 1 2 2 2 1 2 3 4 28 6 9 5 12 3 28 2 1 2 1 1 2 3 4 57 97 5 17 8 2 1 6 1 1 10 17 18 19 28 29 0
0 2941 3 2 1 84 5 2 1 1 1 1 1 1 1 3 2 1 6 5 4 3 2 1 1 2 1 2 1 1 1 1 1 1 1 1 1 1 1 1 2 3 24 3 5 8 4 11 2 25 2 1 1 2 13 16 27 52 21 18 4 16 7 1 5 2 5 9 6 1 6 8 2 7 0
0 2616 321 320 318 313 2 1 2 1 1 1 1 1 1 1 8 7 1 1 1 8 7 6 4 1 3 1 1 1 1 1 1 1 1 1 1 1 1 1 2 16 7 2 4 7 3 10 1 7 17 1 1 9 2 10 24 2 18 17 3 15 6 4 1 2 3 5 2 4 1 1 4 2 0
0 2610 5 2 1 4 221 208 2 2 2 2 1 1 3 10 1 2 2 2 9 1 1 1 1 4 2 2 1 2 1 3 2 2 3 2 2 2 3 2 1 15 6 1 3 6 2 5 4 6 7 9 8 1 9 21 2 1 17 16 2 14 5 3 1 2 4 1 1 1 2 3 1 8 0
0 2608 1 2 1 3 5 7 203 3 3 2 1 2 4 12 3 3 15 12 2 2 2 2 5 6 3 2 1 3 2 4 3 6 3 3 3 4 1 1 1 11 3 5 2 5 1 4 3 5 6 8 7 8 11 9 1 16 8 7 1 13 4 2 1 3 1 2 3 4 5 6 7 18 0
0 2601 6 3 1 2 4 6 8 189 182 165 1 3 17 4 44 40 24 23 22 19 16 13 7 1 3 2 1 4 3 5 4 7 7 4 5 2 5 3 2 1 10 2 4 1 4 3 2 4 5 7 6 7 10 8 2 13 7 6 7 5 3 1 2 1 11 12 13 14 15 16 17 1 0
0 2600 2 1 1 1 3 5 7 6 4 7 162 149 127 48 3 2 1 5 4 3 2 1 2 4 3 1 2 5 4 6 12 8 5 6 10 7 1 4 3 2 1 9 1 3 3 2 1 3 4 6 5 6 9 7 1 12 6 5 6 4 2 1 3 9 1 2 3 4 5 6 7 8 0
0 2595 4 3 2 1 2 4 6 5 3 6 9 4 9 65 54 1 10 4 3 2 1 3 5 1 5 1 3 6 5 7 13 14 18 11 8 7 6 1 4 3 2 1 8 5 2 2 1 2 3 5 4 5 8 6 5 6 5 4 5 3 1 2 5 5 6 7 8 9 10 17 34 66 0
0 2589 5 4 3 2 1 3 5 4 2 5 8 3 8 5 5 52 25 21 2 1 4 6 2 6 1 2 4 7 6 8 28 30 11 10 1 15 14 13 8 7 6 2 1 2 4 1 1 1 2 4 3 4 7 5 4 5 4 3 4 2 1 4 4 1 2 3 4 5 6 16 31 49 0
0 2584 4 3 2 1 1 2 4 3 1 4 7 2 7 4 4 9 7 3 18 16 7 3 1 7 2 3 5 8 7 91 54 23 22 21 20 4 3 2 1 2 1 3 2 1 1 3 2 1 1 3 2 3 6 4 3 4 3 2 3 1 3 3 3 4 5 6 7 8 15 30 48 53 0
0 2 2581 5 4 3 2 1 3 2 3 1 5 1 6 3 3 8 4 2 2 1 4 1 2 8 3 4 6 1 113 6 5 4 3 2 1 1 1 1 3 4 3 2 1 1 1 4 3 2 1 2 1 2 5 3 2 3 2 1 2 2 2 2 1 2 3 4 5 6 29 47 52 13 0
0 1 2575 5 4 3 2 1 2 1 2 2 2 4 1 2 2 2 5 3 1 1 1 2 1 11 4 5 7 115 3 2 1 1 2 1 2 2 2 4 5 1 1 1 4 2 5 1 1 1 1 1 1 1 4 2 1 2 1 1 1 1 1 1 2 3 12 13 14 28 46 51 12 8 0
0 1 2569 4 3 2 1 1 1 1 1 1 1 1 1 1 1 1 2 2 2 1 1 2 4 12 5 6 123 11 7 6 5 3 1 3 3 3 5 6 2 2 2 5 1 6 2 2 2 4 2 1 2 1 1 2 1 1 1 2 3 4 5 6 7 8 1 2 13 45 50 11 7 6 0
0 1 2557 5 4 3 2 1 1 1 1 1 1 1 1 1 1 1 1 1 1 1 2 2 7 13 6 130 16 4 3 2 1 2 4 4 4 6 7 3 3 3 6 2 7 3 3 3 5 1 2 3 1 1 1 1 1 1 1 2 3 4 5 6 7 8 9 10 44 49 10 6 5 4 0
0 1 2556 3 2 1 1 1 2 1 2 2 2 4 2 1 3 1 1 1 1 1 2 3 10 14 137 17 4 3 2 1 3 5 5 1 11 8 4 4 4 7 3 8 4 4 4 6 2 3 4 2 2 5 3 1 1 1 2 3 4 5 6 7 8 9 17 43 48 9 5 4 3 4 0
0 1 5 2546 3 2 2 1 3 1 2 3 5 5 3 2 4 2 2 2 2 1 2 6 25 138 18 7 2 1 1 4 6 1 6 13 9 5 5 5 8 4 9 5 5 5 7 3 25 21 16 13 10 4 3 2 1 1 2 1 2 3 4 5 6 7 25 47 8 4 3 2 3 3 0
0 1 2 2538 4 3 2 1 4 2 3 1 9 6 4 3 5 3 3 3 3 2 1391 1385 183 19 8 2 1 2 5 7 1 2 7 23 6 6 6 9 5 10 6 6 6 8 4 26 1 1 8 7 6 5 4 3 1 1 2 3 1 2 15 16 17 24 46 7 3 2 1 2 2 2 0
0 1 2 10 2527 3 1 2 5 3 4 2 10 7 15 10 6 1442 1438 1422 1408 1404 1 3 1195 1184 4 1 3 6 8 1 2 3 8 30 7 7 34 24 18 7 7 7 9 5 45 18 16 14 5 4 3 2 1 1 1 1 2 3 4 12 1 2 6 45 4 2 2 1 1 1 1 1 0
0 1 2 5 27 2496 2469 3 6 2432 2428 2419 11 1475 1451 1450 1448 3 4 8 10 8 1 2 8 2 1171 1150 1142 1123 1 4 1 4 310 271 263 255 213 203 198 196 195 155 132 56 10 9 8 7 6 5 4 3 2 1 1 2 2 3 7 1 2 3 41 3 3 1 1 1 3 4 5 6 0
0 1 4 3 23 18 8 2464 2452 15 1 3 2416 1 1 1 2 2 3 7 8 1 7 1 7 1 10 10 4 12 1113 1096 322 316 5 4 1 2 5 9 4 1 20 5 13 70 10 9 8 7 6 5 4 3 2 1 1 2 3 6 12 14 23 38 2 2 1 1 1 1 1 2 3 4 0
0 3 2 22 1 16 7 5 4 3 11 2 5 923 2 1 1 1 2 3 3 7 1 5 6 1 8 9 3 11 9 3 773 3 2 1 2 1 1 4 8 3 2 17 4 12 59 56 53 42 41 7 6 5 4 2 1 3 2 5 1 8 2 11 1 1 1 1 1 2 1 2 3 4 0
0 2 1 21 7 8 6 4 3 2 10 1 4 909 11 2 1 1 1 2 2 3 3 4 5 2 5 8 2 10 8 2 17 752 6 5 4 3 2 1 3 7 2 1 16 3 11 2 2 10 1 33 32 29 25 15 11 6 1 2 7 1 2 7 1 1 1 1 2 2 3 1 2 3 0
0 1 10 10 6 7 5 3 2 1 9 3 5 907 1 8 4 2 1 1 1 2 2 3 4 1 4 7 1 9 7 1 16 4 741 8 7 6 5 4 3 2 6 1 4 11 2 10 1 1 8 6 3 2 3 9 2 1 5 1 6 1 2 4 1 1 2 2 2 3 3 7 8 9 0
0 1 8 9 5 6 4 2 1 8 2 4 12 13 888 439 3 2 1 1 1 1 1 2 3 3 5 1 7 1 6 15 1 2 726 6 5 4 3 2 1 2 1 5 3 7 3 1 9 7 1 1 2 2 1 2 8 1 3 1 5 1 3 1 2 2 2 3 6 9 4 5 6 7 0
0 1 6 8 4 5 3 1 7 1 3 11 1 436 2 10 438 3 2 2 1 1 1 1 2 2 4 5 1 4 1 14 1 6 712 7 6 5 4 3 2 1 1 2 2 2 6 2 1 1 5 4 1 1 1 1 1 6 1 1 4 1 1 1 2 5 8 11 12 13 23 24 25 26 0
0 3 2 7 3 4 2 5 1 2 10 1 2 434 1 3 6 434 417 2 2 2 1 1 1 1 3 4 1 2 12 1 5 2 7 702 6 5 4 3 2 1 2 1 1 1 1 5 4 3 2 1 2 1 1 1 1 1 4 1 1 2 1 2 3 4 5 6 7 8 9 10 11 12 0
0 2 1 6 2 3 1 4 1 9 2 3 4 427 1 2 5 7 9 412 5 2 2 1 1 1 1 3 1 7 4 4 1 6 6 681 8 7 6 5 4 3 1 1 1 1 2 1 5 4 3 2 1 1 2 3 1 1 1 2 1 1 1 3 4 5 6 7 8 9 10 11 12 13 0
0 4 1 5 1 2 3 1 8 1 1 2 417 8 3 1 4 6 1 7 404 384 4 2 1 1 1 1 6 1 2 3 5 5 6 673 7 4 3 2 1 2 2 2 2 3 1 6 5 4 3 2 1 1 4 5 2 3 1 3 2 1 1 1 2 3 4 5 6 7 8 9 10 11 0
0 2 3 1 3 1 2 6 1 2 3 4 414 3 1 2 3 5 5 1 13 6 377 6 4 2 1 2 3 1 2 4 4 5 5 14 647 2 1 1 3 3 3 3 4 2 7 7 1 1 1 1 1 2 10 3 5 1 7 3 2 1 1 1 2 3 4 5 6 44 57 64 70 75 0
0 5 1 2 2 1 5 1 2 3 4 5 404 1 2 1 2 4 4 4 8 5 2 368 3 2 1 1 2 1 3 3 4 4 5 8 8 638 2 4 4 4 4 5 3 8 8 1 6 4 2 1 2 3 14 15 9 8 3 2 1 1 1 7 11 12 13 32 37 12 6 5 4 4 0
0 1 4 1 1 4 2 5 10 11 12 13 402 2 1 1 1 3 3 3 7 4 1 360 4 3 2 1 1 2 2 3 3 4 7 2 5 36 599 5 5 5 6 4 9 9 2 7 1 1 2 1 3 57 39 23 22 9 5 4 1 3 4 3 1 11 18 4 11 5 4 3 3 6 0
0 4 1 2 3 1 2 4 5 13 14 27 359 3 2 1 1 1 2 2 6 3 1 6 352 3 2 1 1 1 2 2 3 6 1 4 20 4 11 589 13 7 5 10 10 3 8 2 2 103 100 98 94 36 32 25 21 12 9 5 2 1 2 1 9 6 3 10 4 3 2 2 5 17 0
0 2 3 1 2 1 3 4 7 5 12 6 355 2 1 1 1 1 1 1 4 2 1 4 348 3 2 1 1 1 1 2 2 3 3 4 15 3 10 563 7 6 26 15 4 9 125 122 119 15 14 13 11 7 3 6 3 20 2 3 4 1 1 7 5 2 9 3 2 1 1 4 16 6 0
0 6 1 2 1 2 3 6 4 6 5 7 16 323 2 2 1 1 1 1 2 1 3 2 3 339 3 2 1 1 1 1 2 2 3 3 11 2 9 1 561 207 144 143 142 132 6 5 4 3 2 1 1 3 6 2 5 2 19 1 2 3 6 4 1 8 2 1 1 2 3 15 5 9 0
0 1 5 1 1 2 5 3 5 4 6 7 8 313 7 4 2 2 1 1 1 2 1 2 3 317 15 4 2 1 1 1 1 2 2 8 2 1 8 7 67 279 36 13 12 11 10 9 8 7 6 5 4 3 2 5 1 4 1 18 1 2 5 3 4 3 1 2 3 10 14 4 8 8 0
0 2 3 1 1 4 2 4 3 5 6 7 8 8 296 8 7 4 2 2 1 1 1 2 3 6 307 10 4 2 1 1 1 1 2 5 1 7 1 5 66 7 271 22 11 10 9 8 7 6 5 4 3 2 2 1 4 1 2 13 4 1 4 2 3 2 1 3 6 3 3 7 7 9 0
0 4 1 2 3 1 3 2 4 5 6 7 7 8 267 12 11 10 9 6 2 1 1 2 2 3 10 296 5 4 2 1 1 1 2 2 5 1 4 44 21 6 4 266 10 9 8 7 6 5 4 3 2 1 1 1 1 2 1 8 4 3 3 1 2 1 2 2 2 2 6 6 8 5 0
0 7 3 1 2 2 1 3 4 5 6 6 7 2 11 253 40 33 2 1 3 2 1 1 2 5 4 5 290 278 4 2 1 1 1 2 2 3 4 39 20 5 3 49 216 9 8 7 6 5 4 3 2 1 1 1 1 1 1 4 3 3 2 2 1 1 1 1 1 5 5 7 4 1 0
0 1 6 2 1 1 2 3 4 5 5 6 1 8 2 212 1 6 30 19 6 5 1 1 4 1 2 4 6 5 273 4 2 1 1 1 2 3 6 32 19 4 2 16 32 206 7 6 5 4 3 2 1 2 2 2 2 3 2 1 3 2 2 1 1 1 2 3 4 4 6 3 1 2 0
0 7 3 2 1 1 2 3 4 4 5 1 7 1 3 210 2 1 5 10 12 1 4 1 2 1 3 4 1 4 15 253 2 1 1 1 2 2 3 31 18 3 1 15 6 25 198 11 10 9 8 7 6 3 3 3 4 1 1 2 1 2 1 1 1 1 1 2 3 5 2 2 3 4 0
0 3 3 2 1 1 2 3 3 4 4 5 1 2 5 199 3 2 1 4 9 10 4 3 1 2 2 1 3 13 1 13 237 3 1 1 1 2 29 1 17 2 3 11 5 2 22 186 2 1 2 1 5 4 4 5 4 2 6 3 2 1 1 1 1 2 2 3 4 1 1 1 2 3 0
0 2 2 2 1 1 2 2 3 3 1 2 3 4 15 175 5 4 3 2 3 8 5 3 2 1 1 2 4 8 1 11 9 224 2 1 1 2 13 13 16 1 2 10 4 1 17 4 183 11 8 7 1 29 24 18 13 12 5 4 3 2 1 1 3 2 3 1 1 1 1 2 3 4 0
0 1 1 1 1 1 1 2 2 2 4 9 13 14 9 161 4 3 2 1 1 2 7 4 2 1 1 3 2 5 9 1 8 221 2 1 1 1 11 11 1 15 1 9 3 6 10 3 11 160 33 32 31 1 3 2 1 6 5 4 3 2 1 1 1 5 3 4 2 2 2 3 4 5 0
0 1 1 1 1 1 1 1 1 1 4 3 4 8 5 11 144 3 2 1 2 1 1 6 3 1 2 1 4 2 6 1 6 15 203 1 1 1 9 9 1 11 3 8 2 5 9 2 10 13 113 20 19 18 14 13 12 5 4 3 2 1 1 1 2 3 6 10 5 8 11 12 13 14 0
0 3 1 3 2 1 1 1 1 3 2 3 3 4 5 5 101 39 4 3 8 7 6 5 5 2 1 3 1 2 3 5 6 8 189 12 10 9 8 7 1 10 2 7 1 4 8 1 9 12 8 84 59 8 7 6 5 4 3 2 1 2 1 1 2 1 5 1 11 12 13 14 15 16 0
0 4 5 3 1 2 3 1 1 1 2 2 3 4 4 10 24 66 34 13 4 3 2 1 4 4 1 2 1 2 4 5 7 4 180 4 3 2 8 7 6 9 1 2 4 3 7 1 7 11 7 9 15 50 6 5 4 3 2 1 3 2 1 1 2 3 1 7 17 18 19 23 24 25 0
0 5 6 4 4 4 2 1 1 1 1 2 3 3 4 5 23 1 64 20 19 18 11 5 1 3 3 1 1 3 4 6 3 1 134 44 14 13 1 7 6 5 8 1 3 2 6 3 3 10 6 8 13 1 43 30 3 2 1 7 3 2 1 1 2 3 7 8 1 2 3 1 2 3 0
0 1 11 5 1 7 2 2 1 1 1 2 2 3 4 12 6 4 9 54 5 4 6 5 3 2 1 1 2 3 5 2 8 11 122 21 8 2 12 2 6 5 4 7 2 1 5 2 2 9 5 7 8 4 10 2 26 13 12 4 3 1 2 1 2 3 4 1 2 3 4 5 6 7 0
0 12 6 2 8 3 3 5 3 1 1 1 2 3 3 8 5 3 8 35 13 7 3 5 4 2 1 1 2 4 1 7 2 7 121 12 8 5 1 9 1 5 4 3 6 1 4 1 1 8 4 6 7 3 3 6 1 12 8 2 1 2 3 1 4 1 1 5 1 2 1 2 3 4 0
0 7 3 31 22 18 14 4 3 2 1 1 2 2 2 5 4 2 7 5 29 5 6 2 4 3 1 1 3 2 6 1 6 9 100 4 11 7 4 1 8 4 4 3 2 5 1 2 4 3 3 5 1 5 2 2 5 1 3 5 3 1 4 1 2 5 2 2 6 1 3 1 2 3 0
0 46 42 10 8 2 1 4 3 2 1 1 1 1 2 2 3 1 6 4 23 5 4 5 1 3 2 2 1 3 4 5 8 2 86 11 3 10 6 2 1 3 3 3 2 1 4 1 3 2 2 3 1 3 1 1 1 3 2 2 1 2 1 5 2 3 6 3 3 7 2 4 5 6 0
0 8 6 4 1 5 3 2 1 1 1 1 1 1 1 1 1 1 4 3 12 10 4 3 4 2 1 1 2 3 5 7 1 3 74 8 10 2 9 5 4 3 2 2 2 1 2 1 2 1 1 1 1 1 1 1 1 2 1 1 1 1 3 2 6 9 4 7 4 4 8 3 1 2 0
0 1 1 1 3 1 1 1 2 2 2 1 2 1 1 1 1 1 2 2 11 1 8 3 2 3 1 1 2 4 1 1 2 5 64 4 7 9 1 8 2 1 2 1 1 1 1 1 1 1 1 1 1 1 1 3 5 2 1 1 1 1 2 4 3 1 10 5 8 5 5 9 4 5 0
0 4 3 2 1 1 2 3 3 3 2 1 3 2 2 3 1 1 1 1 5 5 4 3 2 1 2 1 3 1 2 3 4 49 3 11 3 6 8 1 5 2 1 1 1 1 1 3 1 1 1 2 3 2 5 6 1 1 2 1 1 2 2 3 5 9 11 22 28 37 6 6 10 11 0
0 4 3 2 1 3 4 1 7 1 3 2 4 3 6 2 3 1 1 1 1 3 4 3 2 1 1 2 3 4 5 6 24 24 2 1 9 2 5 6 1 2 1 1 1 3 2 4 2 2 2 3 4 3 12 2 2 3 2 1 1 2 3 6 4 5 6 7 8 1 39 46 53 54 0
0 2 1 1 4 1 5 9 1 2 4 3 5 4 9 4 1 7 5 3 2 1 2 3 2 1 1 2 3 4 5 12 5 13 10 1 5 3 1 4 4 3 1 1 2 5 3 7 1 3 3 1 8 4 15 3 4 3 2 1 1 2 3 1 7 1 2 3 4 13 14 15 16 71 0
0 1 2 1 5 2 6 10 2 3 5 4 6 5 16 2 8 4 3 2 1 1 1 1 2 1 1 2 1 2 6 4 11 1 8 1 2 2 2 1 3 1 1 1 2 8 4 9 4 1 4 2 1 13 19 5 4 3 2 1 2 1 3 4 2 8 1 1 2 3 4 46 54 12 0
0 1 3 2 6 3 7 11 3 4 6 5 7 23 1 9 5 1 1 1 2 5 3 2 1 1 1 1 2 3 3 2 8 1 4 2 1 1 1 2 1 1 1 1 3 3 13 14 1 2 5 3 1 34 6 5 4 3 2 3 1 2 1 4 5 8 17 30 33 38 41 7 7 4 0
0 2 4 3 7 4 8 12 4 5 7 6 31 17 16 6 2 2 2 3 6 1 3 2 1 1 1 1 1 2 1 1 6 2 1 1 1 1 4 1 1 1 1 2 1 4 17 16 1 3 6 4 1 42 6 5 4 3 4 2 3 1 1 2 7 8 11 2 4 2 6 3 3 3 0
0 3 5 4 8 5 9 13 5 6 14 52 20 2 1 3 3 3 4 7 2 4 1 1 1 1 2 2 2 1 1 2 3 1 1 1 1 2 7 2 1 2 1 2 3 2 22 18 4 7 1 5 1 50 6 5 4 5 3 4 2 1 2 1 1 2 1 3 1 3 2 2 2 2 0
0 4 6 5 9 6 10 14 12 70 55 2 1 1 4 4 4 5 8 3 5 4 2 2 1 2 3 1 6 1 1 2 1 1 1 2 2 2 10 3 4 1 1 2 3 4 3 45 8 2 1 6 2 57 6 5 6 4 5 3 2 1 1 4 1 1 1 1 1 1 1 1 1 1 0
0 0 0 0 0 0 0 0 0 0 0 0 0 0 0 0 0 0 0 0 0 0 0 0 0 0 0 0 0 0 0 0 0 0 0 0 0 0 0 0 0 0 0 0 0 0 0 0 0 0 0 0 0 0 0 0 0 0 0 0 0 0 0 0 0 0 0 0 0 0 0 0 0 0 0
