R/packages/topocatch/test/out/cat.asc
ncols	75
nrows	75
xllcorner	4610588
yllcorner	5628103
cellsize	40
nodata_value	-9999
[rows 0 to 57 of 75, columns 0 to 74 of 75]
-9999 -9999 -9999 -9999 -9999 -9999 -9999 -9999 -9999 -9999 -9999 -9999 -9999 -9999 -9999 -9999 -9999 -9999 -9999 -9999 -9999 -9999 -9999 -9999 -9999 -9999 -9999 -9999 -9999 -9999 -9999 -9999 -9999 -9999 -9999 -9999 -9999 -9999 -9999 -9999 -9999 -9999 -9999 -9999 -9999 -9999 -9999 -9999 -9999 -9999 -9999 -9999 -9999 -9999 -9999 -9999 -9999 -9999 -9999 -9999 -9999 -9999 -9999 -9999 -9999 -9999 -9999 -9999 -9999 -9999 -9999 -9999 -9999 -9999 -9999
-9999 -9999 -9999 -9999 -9999 -9999 -9999 -9999 -9999 -9999 -9999 -9999 -9999 -9999 -9999 -9999 -9999 -9999 -9999 -9999 -9999 -9999 -9999 -9999 -9999 -9999 -9999 -9999 -9999 -9999 -9999 -9999 -9999 -9999 -9999 -9999 -9999 -9999 -9999 -9999 -9999 -9999 -9999 -9999 -9999 -9999 -9999 -9999 -9999 -9999 -9999 -9999 -9999 -9999 -9999 -9999 -9999 -9999 -9999 -9999 -9999 -9999 -9999 -9999 -9999 -9999 -9999 -9999 -9999 -9999 -9999 -9999 -9999 -9999 -9999
-9999 -9999 -9999 -9999 -9999 -9999 -9999 -9999 -9999 -9999 -9999 -9999 -9999 -9999 -9999 -9999 -9999 -9999 -9999 -9999 -9999 -9999 -9999 -9999 -9999 -9999 -9999 -9999 -9999 -9999 -9999 -9999 -9999 -9999 -9999 -9999 -9999 -9999 -9999 -9999 -9999 -9999 -9999 -9999 -9999 -9999 -9999 -9999 -9999 -9999 -9999 -9999 -9999 -9999 -9999 -9999 -9999 -9999 -9999 -9999 -9999 -9999 -9999 -9999 -9999 -9999 -9999 -9999 -9999 -9999 -9999 -9999 -9999 -9999 -9999
-9999 -9999 -9999 -9999 -9999 -9999 -9999 -9999 -9999 -9999 -9999 -9999 -9999 -9999 -9999 -9999 -9999 -9999 -9999 -9999 -9999 -9999 -9999 -9999 -9999 -9999 -9999 -9999 -9999 -9999 -9999 -9999 -9999 -9999 -9999 -9999 -9999 -9999 -9999 -9999 -9999 -9999 -9999 -9999 -9999 -9999 -9999 -9999 -9999 -9999 -9999 -9999 -9999 -9999 -9999 -9999 -9999 -9999 -9999 -9999 -9999 -9999 -9999 -9999 -9999 -9999 -9999 -9999 -9999 -9999 -9999 -9999 -9999 -9999 -9999
-9999 -9999 -9999 -9999 -9999 -9999 -9999 -9999 -9999 -9999 -9999 -9999 -9999 -9999 -9999 -9999 -9999 -9999 -9999 -9999 -9999 -9999 -9999 -9999 -9999 -9999 -9999 -9999 -9999 -9999 -9999 -9999 -9999 -9999 -9999 -9999 -9999 -9999 -9999 -9999 -9999 -9999 -9999 -9999 -9999 -9999 -9999 -9999 -9999 -9999 -9999 -9999 -9999 -9999 -9999 -9999 -9999 -9999 -9999 -9999 -9999 -9999 -9999 -9999 -9999 -9999 -9999 -9999 -9999 -9999 -9999 -9999 -9999 -9999 -9999
-9999 -9999 -9999 -9999 -9999 -9999 -9999 -9999 -9999 -9999 -9999 -9999 -9999 -9999 -9999 -9999 -9999 -9999 -9999 -9999 -9999 -9999 -9999 -9999 -9999 -9999 -9999 -9999 -9999 -9999 -9999 -9999 -9999 -9999 -9999 -9999 -9999 -9999 -9999 -9999 -9999 -9999 -9999 -9999 -9999 -9999 -9999 -9999 -9999 -9999 -9999 -9999 -9999 -9999 -9999 -9999 -9999 -9999 -9999 -9999 -9999 -9999 -9999 -9999 -9999 -9999 -9999 -9999 -9999 -9999 -9999 -9999 -9999 -9999 -9999
-9999 -9999 -9999 -9999 -9999 -9999 -9999 -9999 -9999 -9999 -9999 -9999 -9999 -9999 -9999 -9999 -9999 -9999 -9999 -9999 -9999 -9999 -9999 -9999 -9999 -9999 -9999 -9999 -9999 -9999 -9999 -9999 -9999 -9999 -9999 -9999 -9999 -9999 -9999 -9999 -9999 -9999 -9999 -9999 -9999 -9999 -9999 -9999 -9999 -9999 -9999 -9999 -9999 -9999 -9999 -9999 -9999 -9999 -9999 -9999 -9999 -9999 -9999 -9999 -9999 -9999 -9999 -9999 -9999 -9999 -9999 -9999 -9999 -9999 -9999
-9999 -9999 -9999 -9999 -9999 -9999 -9999 -9999 -9999 -9999 -9999 -9999 -9999 -9999 -9999 -9999 -9999 -9999 -9999 -9999 -9999 -9999 -9999 -9999 -9999 -9999 -9999 -9999 -9999 -9999 -9999 -9999 -9999 -9999 -9999 -9999 -9999 -9999 -9999 -9999 -9999 -9999 -9999 -9999 -9999 -9999 -9999 -9999 -9999 -9999 -9999 -9999 -9999 -9999 -9999 -9999 -9999 -9999 -9999 -9999 -9999 -9999 -9999 -9999 -9999 -9999 -9999 -9999 -9999 -9999 -9999 -9999 -9999 -9999 -9999
-9999 -9999 -9999 -9999 -9999 -9999 -9999 -9999 -9999 -9999 -9999 -9999 -9999 -9999 -9999 -9999 -9999 -9999 -9999 -9999 -9999 -9999 -9999 -9999 -9999 -9999 -9999 -9999 -9999 -9999 -9999 -9999 -9999 -9999 -9999 -9999 -9999 -9999 -9999 -9999 -9999 -9999 -9999 -9999 -9999 -9999 -9999 -9999 -9999 -9999 -9999 -9999 -9999 -9999 -9999 -9999 -9999 -9999 -9999 -9999 -9999 -9999 -9999 -9999 -9999 -9999 -9999 -9999 -9999 -9999 -9999 -9999 -9999 -9999 -9999
-9999 -9999 -9999 -9999 -9999 35 35 35 1 1 1 1 1 -9999 -9999 -9999 -9999 -9999 -9999 -9999 -9999 -9999 -9999 -9999 -9999 -9999 -9999 -9999 -9999 -9999 -9999 -9999 -9999 -9999 -9999 -9999 -9999 -9999 -9999 -9999 -9999 -9999 -9999 -9999 -9999 -9999 -9999 -9999 -9999 -9999 -9999 -9999 -9999 -9999 -9999 -9999 -9999 -9999 -9999 -9999 -9999 -9999 -9999 -9999 -9999 -9999 -9999 -9999 -9999 -9999 -9999 -9999 -9999 -9999 -9999
-9999 35 35 35 35 35 35 1 1 1 1 1 1 1 1 1 1 1 -9999 -9999 -9999 -9999 -9999 -9999 -9999 -9999 -9999 -9999 -9999 -9999 -9999 -9999 -9999 -9999 -9999 -9999 -9999 -9999 -9999 -9999 -9999 -9999 -9999 -9999 -9999 -9999 -9999 -9999 -9999 -9999 -9999 -9999 -9999 -9999 -9999 -9999 -9999 -9999 -9999 -9999 -9999 -9999 -9999 -9999 -9999 -9999 -9999 -9999 -9999 -9999 -9999 -9999 -9999 -9999 -9999
-9999 35 35 35 35 35 1 1 1 1 1 1 1 1 1 1 1 1 1 1 1 1 1 1 -9999 -9999 -9999 -9999 -9999 -9999 -9999 -9999 -9999 -9999 -9999 -9999 -9999 -9999 -9999 -9999 -9999 -9999 -9999 -9999 -9999 -9999 -9999 -9999 -9999 -9999 -9999 -9999 -9999 -9999 -9999 -9999 -9999 -9999 -9999 -9999 -9999 -9999 -9999 -9999 -9999 -9999 -9999 -9999 -9999 -9999 -9999 -9999 -9999 -9999 -9999
-9999 35 35 35 35 1 1 1 1 1 1 1 1 1 1 1 1 1 1 1 1 1 1 1 1 1 -9999 -9999 -9999 -9999 -9999 -9999 -9999 -9999 -9999 -9999 -9999 -9999 -9999 -9999 -9999 -9999 -9999 -9999 -9999 -9999 -9999 -9999 -9999 -9999 -9999 -9999 -9999 -9999 -9999 -9999 -9999 -9999 -9999 -9999 -9999 -9999 -9999 -9999 -9999 -9999 -9999 -9999 -9999 -9999 -9999 -9999 -9999 -9999 -9999
-9999 35 35 1 1 1 1 1 1 1 1 1 1 1 1 1 1 1 1 1 1 1 1 1 1 1 1 -9999 -9999 -9999 -9999 -9999 -9999 -9999 -9999 -9999 -9999 -9999 -9999 -9999 -9999 -9999 -9999 -9999 -9999 -9999 -9999 -9999 -9999 -9999 -9999 -9999 -9999 -9999 -9999 -9999 -9999 -9999 -9999 -9999 -9999 -9999 -9999 -9999 -9999 -9999 -9999 -9999 -9999 -9999 -9999 -9999 -9999 -9999 -9999
-9999 35 21 21 21 1 1 1 1 22 1 1 1 1 1 1 1 1 2 2 2 2 2 2 2 2 2 2 2 -9999 -9999 -9999 -9999 -9999 -9999 -9999 -9999 -9999 -9999 -9999 -9999 -9999 -9999 -9999 -9999 -9999 -9999 -9999 -9999 -9999 -9999 -9999 -9999 -9999 -9999 -9999 -9999 -9999 -9999 -9999 -9999 -9999 -9999 -9999 -9999 -9999 -9999 -9999 -9999 -9999 -9999 -9999 -9999 -9999 -9999
-9999 36 21 21 21 21 22 22 22 22 22 22 22 22 2 2 2 2 2 2 2 2 2 2 2 2 2 2 2 7 7 7 7 7 7 7 7 7 7 -9999 -9999 -9999 -9999 -9999 -9999 -9999 -9999 -9999 -9999 -9999 -9999 -9999 -9999 -9999 -9999 -9999 -9999 -9999 -9999 -9999 -9999 -9999 -9999 -9999 -9999 -9999 -9999 -9999 -9999 -9999 -9999 -9999 -9999 -9999 -9999
-9999 36 36 21 21 22 22 22 22 22 22 22 22 22 2 2 2 2 2 2 2 2 2 2 2 2 2 2 3 7 7 7 7 7 7 7 7 7 7 7 -9999 -9999 -9999 -9999 -9999 -9999 -9999 -9999 -9999 -9999 -9999 -9999 -9999 -9999 -9999 -9999 -9999 -9999 -9999 -9999 -9999 -9999 -9999 -9999 -9999 -9999 -9999 -9999 -9999 -9999 -9999 -9999 -9999 -9999 -9999
-9999 36 36 36 22 22 22 22 22 22 22 22 22 22 2 2 2 2 2 2 2 2 2 2 2 2 2 3 7 7 7 7 7 7 7 7 7 7 7 7 7 -9999 -9999 -9999 -9999 -9999 -9999 -9999 -9999 -9999 -9999 -9999 -9999 -9999 -9999 -9999 -9999 -9999 -9999 -9999 -9999 -9999 -9999 -9999 -9999 -9999 -9999 -9999 -9999 -9999 -9999 -9999 -9999 -9999 -9999
-9999 36 36 36 36 22 22 22 22 22 22 22 22 22 2 2 2 2 2 2 2 2 2 2 2 3 3 7 7 7 7 7 7 7 7 7 7 7 7 7 7 7 -9999 -9999 -9999 -9999 -9999 -9999 -9999 -9999 -9999 -9999 -9999 -9999 -9999 -9999 -9999 -9999 -9999 -9999 -9999 -9999 -9999 -9999 -9999 -9999 -9999 -9999 -9999 -9999 -9999 -9999 -9999 -9999 -9999
-9999 36 36 36 36 22 22 22 22 22 22 22 22 22 22 2 2 2 2 3 3 3 3 3 3 3 7 7 7 7 7 7 7 7 7 7 7 7 7 7 7 7 7 -9999 -9999 -9999 -9999 -9999 -9999 -9999 -9999 -9999 -9999 -9999 -9999 -9999 -9999 -9999 -9999 -9999 -9999 -9999 -9999 -9999 -9999 -9999 -9999 -9999 -9999 -9999 -9999 -9999 -9999 -9999 -9999
-9999 36 36 36 36 36 22 22 22 22 22 22 22 22 3 3 3 3 3 3 3 3 3 3 3 3 7 7 7 7 7 7 7 7 7 7 7 7 7 7 7 7 7 7 -9999 -9999 -9999 -9999 -9999 -9999 -9999 -9999 -9999 -9999 -9999 -9999 -9999 -9999 -9999 -9999 -9999 -9999 -9999 -9999 -9999 -9999 -9999 -9999 -9999 -9999 -9999 -9999 -9999 -9999 -9999
-9999 36 36 36 36 36 22 22 22 22 22 22 22 22 3 3 3 3 3 3 3 3 3 3 3 7 7 7 7 7 7 7 7 7 7 7 7 7 7 7 7 7 7 7 7 -9999 -9999 -9999 -9999 -9999 -9999 -9999 -9999 -9999 -9999 -9999 -9999 -9999 -9999 -9999 -9999 -9999 -9999 -9999 -9999 -9999 -9999 -9999 -9999 -9999 -9999 -9999 -9999 -9999 -9999
-9999 36 36 36 36 36 36 22 22 22 22 22 22 22 3 3 3 3 3 3 3 3 3 3 7 7 7 7 7 7 7 7 7 7 7 7 7 7 7 7 7 27 27 7 7 7 -9999 -9999 -9999 -9999 -9999 -9999 -9999 -9999 -9999 -9999 -9999 -9999 -9999 -9999 -9999 -9999 -9999 -9999 -9999 -9999 -9999 -9999 -9999 -9999 -9999 -9999 -9999 -9999 -9999
-9999 36 36 36 36 36 36 22 22 22 22 22 22 22 3 3 3 3 3 3 3 3 3 7 7 7 7 7 7 7 7 7 7 7 7 7 7 38 27 27 27 27 27 27 27 11 11 32 32 32 32 -9999 -9999 -9999 -9999 -9999 -9999 -9999 -9999 -9999 -9999 -9999 -9999 -9999 -9999 -9999 -9999 -9999 -9999 -9999 -9999 -9999 -9999 -9999 -9999
-9999 36 36 36 36 36 36 36 22 22 22 22 22 3 3 3 3 3 3 3 3 3 7 7 7 7 7 7 7 7 7 7 7 7 7 7 38 27 27 27 27 27 11 11 11 11 32 32 32 32 15 15 -9999 -9999 -9999 -9999 -9999 -9999 -9999 -9999 -9999 -9999 -9999 -9999 -9999 -9999 -9999 -9999 -9999 -9999 -9999 -9999 -9999 -9999 -9999
-9999 36 36 36 36 36 36 36 22 22 22 22 3 3 3 3 3 3 3 3 3 3 7 7 7 7 7 7 7 7 7 7 7 7 38 38 27 27 27 27 27 11 11 11 11 32 32 32 32 15 15 15 15 15 -9999 -9999 -9999 -9999 -9999 -9999 -9999 -9999 -9999 -9999 -9999 -9999 -9999 -9999 -9999 -9999 -9999 -9999 -9999 -9999 -9999
-9999 36 36 36 36 36 36 36 36 36 22 25 25 25 25 25 25 25 3 3 3 3 7 7 7 7 7 7 7 7 7 7 7 38 38 27 27 27 27 27 11 11 11 11 32 32 32 32 15 15 15 15 15 15 15 15 -9999 -9999 -9999 -9999 -9999 -9999 -9999 -9999 -9999 -9999 -9999 -9999 -9999 -9999 -9999 -9999 -9999 -9999 -9999
-9999 36 36 36 36 36 36 36 36 36 36 36 25 25 25 25 25 25 25 25 25 25 25 7 7 7 7 7 7 7 7 7 38 38 27 27 27 27 27 11 11 11 11 32 32 32 32 15 15 15 15 15 15 15 15 15 15 -9999 -9999 -9999 -9999 -9999 -9999 -9999 -9999 -9999 -9999 -9999 -9999 -9999 -9999 -9999 -9999 -9999 -9999
-9999 36 36 36 36 36 36 36 36 36 36 36 25 25 25 25 25 25 25 25 25 25 25 7 7 7 7 7 7 7 38 38 38 27 27 27 27 27 11 11 11 11 32 32 32 32 15 15 15 15 15 15 15 15 15 15 15 -9999 -9999 -9999 -9999 -9999 -9999 -9999 -9999 -9999 -9999 -9999 -9999 -9999 -9999 -9999 -9999 -9999 -9999
-9999 36 36 36 36 36 36 36 36 36 36 36 36 25 25 25 25 25 25 25 25 25 25 25 7 7 38 38 38 38 38 38 38 27 27 27 27 11 11 11 11 32 32 32 32 15 15 15 15 15 15 15 15 15 15 15 15 -9999 -9999 -9999 -9999 -9999 -9999 -9999 -9999 -9999 -9999 -9999 -9999 -9999 -9999 -9999 -9999 -9999 -9999
-9999 36 36 36 36 36 36 36 36 36 36 36 36 25 25 25 25 25 25 25 25 25 25 38 38 38 38 38 38 38 38 38 27 27 27 27 27 11 11 11 32 32 32 32 15 15 15 15 15 15 15 15 15 15 15 15 -9999 -9999 -9999 -9999 -9999 -9999 -9999 -9999 -9999 -9999 -9999 -9999 -9999 -9999 -9999 -9999 -9999 -9999 -9999
-9999 36 36 36 36 36 36 36 36 36 36 36 36 25 25 25 25 25 25 25 25 25 25 38 38 38 38 38 38 38 38 27 27 27 27 27 27 27 32 32 32 32 32 32 32 15 15 15 15 15 15 15 15 15 15 16 16 -9999 -9999 -9999 -9999 -9999 -9999 -9999 -9999 -9999 -9999 -9999 -9999 -9999 -9999 -9999 -9999 -9999 -9999
-9999 36 36 36 36 36 36 36 36 36 36 36 37 25 25 25 25 25 25 25 25 25 25 38 38 38 38 38 38 38 38 38 27 27 27 27 27 27 32 32 32 32 32 32 16 16 16 16 16 16 16 16 16 16 16 16 16 16 -9999 -9999 -9999 -9999 -9999 -9999 -9999 -9999 -9999 -9999 -9999 -9999 -9999 -9999 -9999 -9999 -9999
-9999 36 36 36 36 36 36 36 36 36 36 36 37 37 37 37 25 25 25 25 25 25 25 25 38 38 38 38 38 38 38 28 28 28 27 27 27 27 27 32 32 32 32 32 16 16 16 16 16 16 16 16 16 16 16 16 16 16 -9999 -9999 -9999 -9999 -9999 -9999 -9999 -9999 -9999 -9999 -9999 -9999 -9999 -9999 -9999 -9999 -9999
-9999 36 36 36 36 36 36 36 36 36 36 36 37 37 37 37 37 26 25 25 25 25 25 25 38 38 38 38 38 38 38 28 28 28 28 28 28 28 28 28 28 32 32 32 32 16 16 16 16 16 16 16 16 16 16 16 16 16 -9999 -9999 -9999 -9999 -9999 -9999 -9999 -9999 -9999 -9999 -9999 -9999 -9999 -9999 -9999 -9999 -9999
-9999 36 36 36 36 36 36 36 36 36 36 37 37 37 37 26 26 26 26 25 25 25 25 25 38 38 38 38 38 38 38 28 28 28 28 28 28 28 28 28 28 28 32 32 32 32 16 16 16 16 16 16 16 16 16 16 16 16 16 -9999 -9999 -9999 -9999 -9999 -9999 -9999 -9999 -9999 -9999 -9999 -9999 -9999 -9999 -9999 -9999
-9999 36 36 36 36 36 36 36 36 36 37 37 37 37 26 26 26 26 26 26 26 25 25 25 38 38 38 38 38 38 38 28 28 28 28 28 28 28 28 28 28 28 28 32 32 32 32 16 16 16 16 16 16 16 16 16 16 16 16 16 -9999 -9999 -9999 -9999 -9999 -9999 -9999 -9999 -9999 -9999 -9999 -9999 -9999 -9999 -9999
-9999 36 36 36 36 36 36 36 36 37 37 37 23 23 23 26 26 26 26 26 26 26 26 25 38 38 38 38 38 38 28 28 28 28 28 28 28 28 28 28 28 28 28 32 32 32 32 32 32 16 16 16 16 16 16 16 16 16 16 16 -9999 -9999 -9999 -9999 -9999 -9999 -9999 -9999 -9999 -9999 -9999 -9999 -9999 -9999 -9999
-9999 36 36 36 36 36 36 36 36 37 37 23 23 23 23 26 26 26 26 26 26 26 26 26 38 38 38 38 38 28 28 28 28 28 28 28 28 28 28 28 28 28 28 28 32 32 32 32 32 32 32 32 16 16 18 18 18 16 16 16 -9999 -9999 -9999 -9999 -9999 -9999 -9999 -9999 -9999 -9999 -9999 -9999 -9999 -9999 -9999
-9999 36 36 36 36 36 36 36 37 37 23 23 23 23 23 26 26 26 26 26 26 26 26 26 26 38 38 38 38 28 28 28 28 28 28 28 28 28 28 28 28 28 29 29 29 29 29 29 29 32 32 32 18 18 18 18 18 18 18 16 16 -9999 -9999 -9999 -9999 -9999 -9999 -9999 -9999 -9999 -9999 -9999 -9999 -9999 -9999
-9999 -9999 36 36 36 36 36 36 23 23 23 23 23 23 23 26 26 26 26 26 26 26 26 26 26 26 38 38 28 28 28 28 28 28 28 28 28 28 28 28 28 29 29 29 29 29 29 34 34 34 34 34 34 18 18 18 18 18 18 18 18 18 -9999 -9999 -9999 -9999 -9999 -9999 -9999 -9999 -9999 -9999 -9999 -9999 -9999
-9999 -9999 -9999 36 36 36 36 36 23 23 23 23 23 23 23 23 26 26 26 26 26 26 26 26 26 26 26 28 28 28 28 28 28 28 28 28 28 28 28 29 29 29 29 29 29 29 34 34 34 34 34 34 18 18 18 18 18 18 18 18 18 18 -9999 -9999 -9999 -9999 -9999 -9999 -9999 -9999 -9999 -9999 -9999 -9999 -9999
-9999 -9999 -9999 -9999 36 36 36 23 23 23 23 23 23 23 23 23 26 26 26 26 26 26 26 26 26 26 26 28 28 28 28 28 28 28 28 28 28 29 29 29 29 29 29 29 29 34 34 34 34 34 34 34 18 18 18 18 18 18 18 18 18 -9999 -9999 -9999 -9999 -9999 -9999 -9999 -9999 -9999 -9999 -9999 -9999 -9999 -9999
-9999 -9999 -9999 -9999 36 36 23 23 23 23 23 23 23 23 23 23 26 26 26 26 26 26 26 26 26 26 26 26 28 28 28 28 28 28 28 28 29 29 29 29 29 29 29 29 34 34 34 34 34 34 34 34 18 18 18 18 18 18 18 18 18 -9999 -9999 -9999 -9999 -9999 -9999 -9999 -9999 -9999 -9999 -9999 -9999 -9999 -9999
-9999 -9999 -9999 -9999 23 23 23 23 23 23 23 23 23 23 23 23 26 26 26 26 26 26 26 26 26 26 26 26 28 28 28 28 28 28 28 28 29 29 29 29 29 29 29 34 34 34 34 34 34 34 34 34 34 19 19 19 19 18 18 18 18 -9999 -9999 -9999 -9999 -9999 -9999 -9999 -9999 -9999 -9999 -9999 -9999 -9999 -9999
-9999 -9999 -9999 -9999 23 23 23 23 23 23 23 23 23 23 23 23 23 26 26 26 26 26 26 26 26 26 26 26 26 28 28 28 28 28 28 28 29 29 29 29 29 29 34 34 34 34 34 34 34 34 34 34 34 19 19 19 19 19 19 19 19 19 -9999 -9999 -9999 -9999 -9999 -9999 -9999 -9999 -9999 -9999 -9999 -9999 -9999
-9999 -9999 -9999 -9999 23 23 23 23 23 23 23 23 23 23 23 23 23 23 23 26 26 26 26 26 26 26 26 26 26 26 28 28 28 28 28 29 29 29 29 29 12 34 34 34 34 34 34 34 34 34 34 34 34 34 19 19 19 19 19 19 19 19 -9999 -9999 -9999 -9999 -9999 -9999 -9999 -9999 -9999 -9999 -9999 -9999 -9999
-9999 -9999 -9999 -9999 23 23 23 23 23 23 23 23 23 23 23 23 23 23 23 23 26 26 26 26 26 26 26 26 26 26 26 28 28 28 28 29 29 29 29 29 12 31 13 13 34 34 34 34 34 34 34 34 34 34 34 19 19 19 19 19 19 19 -9999 -9999 -9999 -9999 -9999 -9999 -9999 -9999 -9999 -9999 -9999 -9999 -9999
-9999 -9999 -9999 -9999 23 23 23 23 23 23 23 23 23 23 23 23 23 23 23 4 4 26 26 26 26 26 26 26 26 26 26 26 26 26 29 29 29 29 12 12 12 12 31 31 34 34 34 34 34 34 34 34 34 34 34 34 19 19 19 19 19 19 -9999 -9999 -9999 -9999 -9999 -9999 -9999 -9999 -9999 -9999 -9999 -9999 -9999
-9999 -9999 -9999 -9999 23 23 23 23 23 23 23 23 23 23 23 23 4 4 4 4 4 4 26 26 26 26 26 26 26 26 26 26 26 26 29 29 29 29 12 12 12 12 31 14 33 33 33 33 33 33 33 33 33 33 33 34 34 19 19 19 19 17 -9999 -9999 -9999 -9999 -9999 -9999 -9999 -9999 -9999 -9999 -9999 -9999 -9999
-9999 -9999 -9999 -9999 23 23 23 23 23 23 23 23 23 23 23 4 4 4 4 4 4 4 26 26 26 26 26 26 26 26 26 26 26 26 29 29 29 12 12 12 12 12 14 14 33 33 33 33 33 33 33 33 33 33 33 33 17 17 17 17 17 17 17 -9999 -9999 -9999 -9999 -9999 -9999 -9999 -9999 -9999 -9999 -9999 -9999
-9999 -9999 -9999 -9999 23 23 23 23 23 23 23 23 23 23 24 24 24 4 4 4 4 4 4 26 26 26 26 26 26 26 26 26 26 26 29 29 12 12 12 12 12 12 14 14 14 33 33 33 33 33 33 33 33 33 33 17 17 17 17 17 17 17 17 17 -9999 -9999 -9999 -9999 -9999 -9999 -9999 -9999 -9999 -9999 -9999
-9999 -9999 -9999 -9999 -9999 23 23 23 23 23 23 23 23 24 24 24 24 24 4 4 4 4 4 26 26 26 26 26 26 26 26 26 26 26 26 12 12 12 12 12 12 12 14 14 14 33 33 33 33 33 33 33 33 33 17 17 17 17 17 17 17 17 17 17 -9999 -9999 -9999 -9999 -9999 -9999 -9999 -9999 -9999 -9999 -9999
-9999 -9999 -9999 -9999 -9999 23 23 23 23 23 23 24 24 24 24 24 24 24 24 4 4 4 4 4 26 26 26 26 26 26 26 26 26 26 26 12 12 12 12 12 12 12 14 14 14 33 33 33 33 33 33 17 17 17 17 17 17 17 17 17 17 17 17 -9999 -9999 -9999 -9999 -9999 -9999 -9999 -9999 -9999 -9999 -9999 -9999
-9999 -9999 -9999 -9999 -9999 23 23 23 23 23 24 24 24 24 24 24 24 24 24 24 4 4 4 4 4 26 26 26 26 26 26 26 26 26 26 26 12 12 12 12 12 12 14 14 14 33 33 33 33 33 17 17 17 17 17 17 17 17 17 17 17 17 17 -9999 -9999 -9999 -9999 -9999 -9999 -9999 -9999 -9999 -9999 -9999 -9999
-9999 -9999 -9999 -9999 -9999 23 23 23 23 24 24 24 24 24 24 24 24 24 24 24 24 4 4 4 4 4 26 26 26 26 26 26 26 26 26 26 12 12 12 12 12 12 14 14 14 33 33 33 33 17 17 17 17 17 17 17 17 17 17 17 17 17 17 -9999 -9999 -9999 -9999 -9999 -9999 -9999 -9999 -9999 -9999 -9999 -9999
-9999 -9999 -9999 -9999 -9999 -9999 23 23 24 24 24 24 24 24 24 24 6 5 5 5 5 5 4 4 4 4 26 26 26 26 26 26 26 26 26 26 26 12 12 12 12 12 12 14 14 33 33 33 33 20 20 20 17 17 20 20 20 20 20 20 20 20 20 -9999 -9999 -9999 -9999 -9999 -9999 -9999 -9999 -9999 -9999 -9999 -9999
-9999 -9999 -9999 -9999 -9999 -9999 -9999 -9999 24 24 24 24 24 24 24 6 6 5 5 5 5 5 4 4 4 4 26 26 26 26 26 26 26 26 26 26 9 12 12 12 12 12 12 14 14 33 33 33 33 20 20 20 20 20 20 20 20 20 20 20 20 20 20 -9999 -9999 -9999 -9999 -9999 -9999 -9999 -9999 -9999 -9999 -9999 -9999
