R/packages/topocatch/test/out/cti.asc
ncols	75
nrows	75
xllcorner	4610588
yllcorner	5628103
cellsize	40
nodata_value	-9999
[rows 0 to 33 of 75, columns 0 to 74 of 75]
-9999 -9999 -9999 -9999 -9999 -9999 -9999 -9999 -9999 -9999 -9999 -9999 -9999 -9999 -9999 -9999 -9999 -9999 -9999 -9999 -9999 -9999 -9999 -9999 -9999 -9999 -9999 -9999 -9999 -9999 -9999 -9999 -9999 -9999 -9999 -9999 -9999 -9999 -9999 -9999 -9999 -9999 -9999 -9999 -9999 -9999 -9999 -9999 -9999 -9999 -9999 -9999 -9999 -9999 -9999 -9999 -9999 -9999 -9999 -9999 -9999 -9999 -9999 -9999 -9999 -9999 -9999 -9999 -9999 -9999 -9999 -9999 -9999 -9999 -9999
-9999 282.8 282.8 282.8 282.8 282.8 282.8 282.8 282.8 282.8 282.8 282.8 282.8 282.8 282.8 428.9 575 701.5 282.8 428.9 575 282.8 282.8 282.8 282.8 282.8 282.8 282.8 282.8 282.8 282.8 282.8 428.9 282.8 282.8 282.8 428.9 282.8 282.8 282.8 522.5 409.3 282.8 282.8 282.8 282.8 396 491.6 581 282.8 282.8 282.8 282.8 282.8 282.8 282.8 282.8 282.8 282.8 282.8 282.8 282.8 346.1 282.8 282.8 367.2 282.8 462.8 378.5 282.8 386.1 282.8 282.8 350.5 -9999
-9999 282.8 424.7 456.5 473.1 528.5 528.5 528.5 461.7 461.7 528.5 428.9 473.1 428.9 282.8 282.8 409.3 765.2 891.7 473.1 641.6 787.7 495.6 528.5 495.6 583.7 461.7 282.8 528.5 528.5 528.5 674.5 528.5 707.4 528.5 583.7 495.6 473.1 908.2 795 649 535.8 409.3 282.8 282.8 473.1 456.5 559.8 644.1 952.2 428.9 428.9 495.6 428.9 528.5 528.5 495.6 473.1 473.1 428.9 495.6 449.3 375.7 828.2 760.6 680.6 596.3 506.8 417.4 527.9 424.7 386.1 282.8 367.2 -9999
-9999 282.8 392.7 547.5 758.4 707.4 774.1 774.1 607.8 607.8 674.5 718.8 619.2 473.1 282.8 495.6 282.8 428.9 575 701.5 847.5 831.9 1000.4 708.3 741.2 729.8 607.8 428.9 282.8 774.1 774.1 774.1 953 774.1 953 829.3 718.8 1111.8 985.3 836 709.5 583 456.5 282.8 282.8 428.9 555.4 658.7 762 865.2 1011.3 575 641.6 685.8 674.5 708.3 663.4 685.8 887.3 741.2 1259.1 1025.9 949.6 882 802 725.7 641.4 751.9 662.5 566.5 378.5 282.8 428.9 528.5 -9999
-9999 282.8 405.7 545.7 703.4 848.9 1047.3 1075 1075 786.7 964.4 897.6 718.8 473.1 282.8 495.6 685.8 473.1 619.2 748.7 891.7 1037.8 1044.6 1213.2 921 986.9 975.4 607.8 428.9 282.8 1019.8 1019.8 1019.8 1198.7 1075 1933.3 1133.3 954.4 808.4 662.3 535.8 409.3 282.8 495.6 282.8 473.1 602.6 715.7 819 945.5 1072 1218.1 787.7 831.9 953.9 909 1583.5 1437.4 1561.8 1425.4 1290.1 1085.4 1009.1 932.8 848.5 759.4 879.9 790.5 701 282.8 282.8 1342 1228.9 1082.8 -9999
-9999 282.8 411.1 552.9 675.2 801.7 928.2 1348.2 1375.8 1375.8 1143.3 964.4 718.8 495.6 282.8 641.6 685.8 876.1 663.4 809.4 955.5 1101.6 1247.6 1257.4 1425.9 1166.7 1232.5 753.8 853.4 461.7 282.8 1265.4 1265.4 1320.6 1573.6 2186.3 1200.1 1018.2 872.2 726.1 583 456.5 685.8 641.6 282.8 495.6 663.4 776.5 889.7 1016.2 1129.3 1275.4 1421.4 1088.5 1209.9 1626.6 1500.1 1373.6 1247.1 1388.1 1275 1161.9 1066.2 976.8 630.4 546.1 461.7 372.3 282.8 417.4 1483.9 505 409.3 282.8 -9999
-9999 282.8 411.1 514.4 617.7 730.8 857.3 1056.9 1649 1676.7 1676.7 964.4 741.2 528.5 428.9 495.6 854.4 859.5 1066.4 853.7 999.7 1145.8 1291.8 1460.4 1470.1 1671.5 1378.6 1478.1 1032.3 607.8 707.4 282.8 1566.3 1566.3 1621.5 1999.1 1319.1 1084.9 916.4 756.7 617.3 846.7 815.3 787.7 282.8 641.6 669.3 837.1 963.6 1090.1 1216.6 1343 1469.5 1267.4 1388.8 1552.7 1426.2 1299.7 1186.6 1073.4 960.3 847.2 743.9 640.6 551.2 461.7 372.3 282.8 551.9 1612.1 583.1 493.7 409.3 282.8 -9999
-9999 282.8 362.8 458.5 571.6 684.7 811.2 957.3 1136.2 1949.9 1977.5 1042.1 774.1 707.4 575 641.6 685.8 1044.6 1190.7 1256.7 1043.9 1190 1336.1 1504.6 1673.1 1715.7 1884.3 1657 1211.2 1278 853.4 428.9 282.8 1811.9 1867.1 2252 1385.7 1129.1 969.5 807.6 1020.4 976.1 948.5 473.1 282.8 495.6 831.9 859.5 1027.4 1153.8 1280.3 1406.8 1533.3 1715.2 1606.8 1460.8 1334.3 1221.1 1108 994.9 881.7 768.6 665.3 569.7 474.1 378.5 282.8 680.2 1730.1 705.9 681.5 601.5 528.5 535.8 -9999
-9999 282.8 362.8 452.3 555.6 682.1 808.5 935 1081.1 1437 2250.7 1075 953 886.3 953 820.6 854.4 898.6 1257.4 1403.4 1549.5 1676 1402.7 1581.7 1750.2 1861.8 1928.5 1803.1 1357.3 1424 1523.6 607.8 461.7 583.7 2046 2430.9 1564.6 1215.1 997.9 1210.6 1166.4 1122.2 633.9 456.5 282.8 282.8 685.8 1022.2 1049.8 1217.6 1344.1 1470.6 1583.7 1779 1403.2 1276.7 1150.2 1037.1 910.6 797.5 684.3 571.2 467.9 378.5 282.8 282.8 822 1858.4 823.9 689.3 609.3 529.3 461.7 282.8 -9999
-9999 282.8 367.2 451.5 547.1 730.2 856.2 1039.8 869.9 712.7 759.9 792.9 892.5 1139.2 1187.1 1198.7 1066.2 1100 1144.2 1290.3 1416.8 1739.8 1921.6 2067.7 1794.4 1962.9 2162.7 2174.1 1503.3 1602.9 1702.5 786.7 640.6 762.6 884.5 2609.8 1460.7 1361.2 1423.4 1356.7 1312.5 807.6 630.2 456.5 282.8 409.3 282.8 876.1 1234.9 1381 1507.5 1620.6 1644.3 1596 1343 1197 1070.5 957.4 844.2 731.1 585 481.7 386.1 282.8 282.8 950.3 917.7 1624.3 1534.8 1454.8 1370.5 1294.2 1228.9 1082.8 -9999
-9999 282.8 386.1 466.1 569.4 682.5 866.1 696.2 556.8 586.3 633.9 646.8 685.8 741.2 774.1 741.2 975.4 1121.5 1345.6 1491.7 1618.2 1662.4 1808.5 1954.5 2313.3 2459.4 2208.6 2375.4 2419.8 1781.8 1881.4 965.6 819.5 941.5 1063.4 1130.2 1713.7 1669 1602.3 1525.2 1020.4 803.9 630.2 456.5 282.8 555.4 282.8 473.1 1088.9 1425.2 1554.7 1681.2 1827.2 1663.7 1410.7 1284.2 1157.8 1031.3 904.8 594.9 491.6 378.5 282.8 282.8 1084.9 1045.9 1758.8 1657.6 1556 1476 1399.7 1326.7 1256.5 1261.7 -9999
-9999 282.8 386.1 475.6 578.8 705.3 522.5 386.1 443.7 473.1 456.5 495.6 528.5 528.5 495.6 674.5 853.4 999.5 1131.9 1258.4 1404.4 1550.5 1696.6 1842.6 2200.2 2346.2 2705 2421.3 2621 1960.7 2060.3 1144.4 998.4 1120.3 1242.3 1364.3 1859.8 1959.4 1770.8 1210.6 1166.4 820.5 646.8 282.8 409.3 681.9 409.3 282.8 663.4 1279.1 1598.9 1744.9 1926.8 1381.2 1128.2 1001.7 875.2 748.7 635.6 522.5 396 282.8 282.8 386.1 1187.8 1887.1 1785.9 782.2 702.2 625.9 549.7 479.5 409.3 282.8 -9999
-9999 282.8 386.1 481.7 585 555.4 409.3 282.8 282.8 282.8 282.8 282.8 282.8 282.8 428.9 607.8 753.8 886.3 1032.3 1158.8 1304.9 1450.9 1597 1743 1889.1 2035.2 2591.9 2950.7 2722.2 2139.6 2206.3 1323.3 1251.4 1373.3 1495.3 1543.2 1665.1 2016.5 1916.9 1379.1 1010.8 820.5 443.7 282.8 522.5 808.4 535.8 409.3 282.8 853.7 1452.8 1811.6 2045.8 1268.1 1015.1 888.6 762.1 635.6 522.5 409.3 282.8 456.5 396 499.3 2037.5 1914.2 910.5 762.4 682.4 612.2 539.2 466.1 396 282.8 -9999
-9999 282.8 396 485.4 705.9 409.3 282.8 633.9 737.2 396 433.3 456.5 473.1 428.9 282.8 461.7 640.6 786.7 932.7 1078.8 1205.3 1351.3 1497.4 1643.5 1789.5 1935.6 2081.6 2837.5 3251.5 3023 2557.3 2304.3 2051.4 1626.3 1748.3 1740.9 1844 1966 1680 1256.4 1033.2 633.9 456.5 409.3 649 921.5 662.3 555.4 428.9 495.6 1043.9 1643.1 2112.5 1002.3 775.5 649 522.5 396 282.8 282.8 646.8 583 522.5 625.8 2075 1052.3 896.9 800.4 653.6 583.4 510.4 437.3 367.2 282.8 -9999
-9999 282.8 428.9 532.2 443.7 282.8 473.1 576.4 660.7 559.2 556.8 607 646.8 774 535.8 583.7 762.6 908.6 1524.6 1651.1 1797.2 1943.2 2089.3 2215.8 1488 1634.1 1780.1 1956.1 2135 3552.4 2605.2 2352.2 2304.3 2476.8 1927.2 2049.1 2097 2144.9 1858.9 1278.9 879.6 669.3 599.6 535.8 775.5 1067.6 788.8 668.5 555.4 641.6 685.8 1256.7 2258.5 827.9 701.5 555.4 428.9 282.8 443.7 396 759.9 696.2 635.6 752.2 1226 980.7 877.5 781.8 686.6 613.6 543.4 470.4 355.9 282.8 -9999
-9999 282.8 282.8 282.8 282.8 282.8 409.3 512.6 424.7 518.8 547.5 688.1 759.6 1101.9 1054 1066.2 1132.9 1279 1111.3 859.5 859.5 1005.6 1151.7 1297.7 1443.8 1570.3 1710.4 1862.4 2030.9 1472.6 1365.7 1298.9 1456.4 1556 1581.5 1648.2 1714.9 1836.8 1925.7 1305 970.1 845.2 745.7 662.3 901.9 1180.7 915.3 814.6 681.9 787.7 854.4 931.5 1073.6 891.7 745.7 602.6 456.5 594.1 546.9 499.3 863.2 799.4 748.7 1376.4 1115.3 1000.3 910.1 814.9 719.6 646.6 573.6 459.1 386 282.8 -9999
-9999 282.8 583.7 729.8 875.8 528.5 282.8 282.8 396 424.7 527.3 514 552.9 768.1 801 887.3 931.5 898.6 685.8 685.8 815.3 941.8 1085 1228.1 1374.1 1520.2 1672.1 1818.2 2403.7 1326.6 1227 1120.1 1203.4 1303 1402.6 1469.2 1535.9 1624.9 1680.3 1933.2 1223.1 1098.2 924.6 808.4 1048 1326.8 1041.8 941.1 1060.2 914.2 1000.4 1100 1137.4 935.9 776.3 617.3 559.8 707.2 660.1 612.4 966.5 912.6 861.9 1489.6 1142.1 1023.8 928.6 837.6 752.9 636.3 568.7 492.4 386 282.8 -9999
-9999 282.8 528.5 774 877.2 641.6 396 456.5 282.8 409.3 396 411.1 417.4 641.6 674.5 741.2 708.3 473.1 495.6 641.6 768.1 894.7 1037.8 1183.8 1329.9 1498.4 1644.5 2230 2356 1180.5 1080.9 974 1057.4 1156.9 1223.6 1290.3 1324 1379.4 1558.4 1737.3 2234.1 1277.1 1343.9 1170.2 1194.1 1472.8 1187.8 1087.1 1186.7 1060.2 1146.5 1226.5 1283.4 966.6 791 730.5 673 833.8 786.1 725.5 1079.6 1025.7 975 1602.7 1174.3 1051.4 847.8 767.8 687.8 614.8 541.8 465.5 389.2 282.8 -9999
-9999 282.8 708.3 821.4 905.8 754.8 499.3 569.7 409.3 282.8 282.8 282.8 428.9 528.5 528.5 495.6 282.8 282.8 428.9 575 721 847.5 993.6 1139.6 1285.7 1860.9 2039.8 2165.7 1227 1054 934.9 827.9 911.3 1010.9 1077.5 1111.3 1133.8 1312.7 1491.7 1670.6 1849.5 2028.4 1578 1644.7 1415.8 1439.7 1718.5 1233.2 1313.2 1186.7 1273 1372.6 1429.5 1112.6 917.5 857 994.6 946.9 889.4 838.7 1199.4 1138.9 1088.2 1706 1201.8 957 861.4 777.1 697.1 624 551 480.8 400.8 282.8 -9999
-9999 282.8 887.2 976.6 935.2 858 602.5 673 512.6 386.1 386.1 456.5 282.8 282.8 282.8 282.8 461.7 588.2 734.3 741.2 867.7 1013.8 1159.8 1305.9 1670.6 1849.5 1975.4 2019.6 1100.5 908 808.4 681.9 765.2 831.9 898.6 921 1100 1246.1 1392.1 1571.1 1750 1928.9 2107.8 1878.8 1890.4 1661.5 1864.5 1379.3 1459.3 1332.8 1419 1518.6 1556 1239.1 1044 983.5 1107.7 1060 1002.5 951.8 1312.6 1252 1191.4 1352.2 1106.5 1003.2 830 750 670 596.9 526.8 456.6 372.3 282.8 -9999
-9999 282.8 583.7 663.7 753.1 856.4 715.7 776.2 608.2 489.4 499.3 569.7 409.3 409.3 428.9 282.8 282.8 428.9 528.5 674.5 801 947.1 1093.2 1457.9 1636.7 2129 1829.4 1139.6 974 781.5 681.9 555.4 619.2 685.8 708.3 854.4 1033.3 1179.4 1325.5 1471.5 1663.7 1842.6 2021.5 2200.4 2124.5 2270.5 1907.1 2110.2 1624.9 1478.9 1545.5 1645.1 1682.5 1365.6 1190.1 1110 1233.7 1163.3 1115.6 1064.9 1415.8 1355.3 1304.6 1248.3 1137.8 831.6 747.2 662.9 592.8 519.7 443.4 367.2 282.8 282.8 -9999
-9999 282.8 528.5 612.8 708.4 792.8 819 871.9 703.8 585 602.5 682.8 535.8 555.4 575 409.3 495.6 282.8 428.9 575 721 867.1 1245.1 1424 1916.2 1583.7 1139.6 1013.1 827.9 655 535.8 409.3 473.1 495.6 641.6 787.7 933.8 1126 1272 1418.1 1564.2 1743 1921.9 2100.8 2227.3 2337.2 2516.2 2119.8 2355.8 1624.9 1691.6 1771.6 1809 1492.1 1303.2 1223.1 1346.9 1276.5 1228.8 1168.2 1519.1 1458.6 1390.1 1272.3 966.1 865.7 785.7 715.6 642.5 569.5 485.2 400.8 282.8 282.8 -9999
-9999 282.8 583.7 679.3 759.3 835.6 927.3 985 817 698.2 705.8 795.9 662.3 701.5 721 555.4 641.6 409.3 473.1 641.6 820.6 999.5 1178.4 1670.6 1570.1 1437.7 1013.1 867.1 701.5 528.5 409.3 282.8 282.8 409.3 555.4 701.5 880.3 1026.4 1172.5 1318.5 1464.6 2000.2 2146.2 2167.6 2313.6 2459.7 2582.8 2817 2995.9 3141.9 1837.6 1917.7 1935.5 1605.2 1416.4 1336.2 1460 1389.6 1324.4 1252.6 1608.6 1554.2 1414.1 1100.7 998.7 914.4 838.1 761.8 691.7 615.4 535.4 405.7 282.8 282.8 -9999
-9999 461.7 282.8 378.5 454.7 531 615.3 1098.1 930.1 811.3 969.6 836 788.8 827.9 867.1 701.5 787.7 555.4 619.2 685.8 854.4 1066.2 1425 1304.9 1391.2 1291.6 867.1 721 555.4 409.3 282.8 428.9 555.4 681.9 827.9 974 1120.1 1931.2 1673.1 1720.2 1754.5 1795 1941.1 2087.2 2233.2 1561.7 1743.6 1957 2103.1 2249.1 2395.2 2063.7 2081.5 1751.3 1542.8 1462.7 1563.3 1485.2 1413.8 1348.2 1711.8 1564.5 1242.5 1140.5 1037.7 957.7 884.7 804.7 734.5 658.2 533.9 282.8 282.8 282.8 -9999
-9999 640.6 282.8 378.5 448.6 528.6 608.6 765.8 1025.7 914.6 1082.8 979.1 934.9 1112.7 993.6 847.5 914.2 701.5 801 864.8 931.5 1279.8 1247.9 1126 1026.4 1145.5 721 575 409.3 282.8 1712.2 1838.7 1951.9 2088.8 2270.7 2416.7 1740.9 1460.4 1507.5 1564.2 1582.3 1604.1 1587.5 1607.5 1371.4 1497.9 1656.2 1822.5 1504.2 1531.9 1519 1684 2309.4 1877.8 1688.9 1575.9 1676.4 1598.3 1540.3 1885.5 1725.4 1403.3 1282.4 1138 1042.4 962.4 886.1 806.1 733 656.8 282.8 282.8 400.8 282.8 -9999
-9999 428.9 282.8 386.1 456.3 523.9 603.9 743.2 1138.9 1224.6 1113.6 1108.6 1325.5 1258.8 1358.4 974 1060.2 847.5 979.9 1101.9 1290.3 1013.6 1007.6 947 880.3 999.5 575 428.9 282.8 1499.5 1626 1752.5 1898.5 2025 1541.1 1528.2 1270.1 1294.7 1351.5 1392 1413.8 1397.2 1417.2 1181.2 1301.1 1443.4 1609.8 1314 1341.6 1358.2 1471.3 1144.6 1298.1 1444.1 1835 1879.2 1766.1 1744.4 1831.8 1685.8 1539.7 1413.2 1300.1 1196.8 1093.5 1004.1 919.7 839.7 766.6 282.8 282.8 518.8 400.8 282.8 -9999
-9999 473.1 282.8 495.6 563.2 630.8 710.8 795.1 985.4 1203.3 1161.1 1143.4 981.6 917.8 965 1200.8 1596.8 1696.4 1232.9 1354.9 2090.3 805.4 712.7 761.9 734.3 853.4 428.9 282.8 1253.9 1399.9 1526.4 1672.5 1818.5 1328.4 1315.5 1057.4 1104.5 1138.8 1179.3 1223.5 1206.9 1227 968.4 1127.4 1269.7 1419.5 1123.7 1167.9 1184.5 1171.6 970.9 1107.8 1241 1380.4 1506.4 1671.9 2180 1570.7 1894 1748 1601.9 1475.4 1362.3 1249.1 1145.9 1050.2 965.9 876.5 282.8 282.8 632.6 514.6 400.8 282.8 -9999
-9999 396 282.8 461.7 541.7 609.3 569.3 888.2 872.3 676.3 1042.5 1026.6 1001.6 791.3 1010.5 1249.6 1450.8 573.7 574.9 581 614 528 559.8 522.5 588.2 707.4 282.8 1008.2 1097.3 1243.3 1369.8 1515.9 1138.1 1125.2 867.1 914.2 978 1005.6 1049.8 1033.2 1036.7 778.2 937.1 1096 1258.7 950 994.2 994.2 1010.8 820.5 947 1080.2 1206.7 1332.7 1459.2 1585.7 1832.2 2033.1 1325 1179 1032.9 906.4 779.9 666.8 563.5 467.9 372.3 282.8 282.8 750.6 632.6 510.7 396.6 282.8 -9999
-9999 565 461.7 282.8 396 466.1 774.4 677.9 776.7 528.6 541.7 919.7 898.3 688 907.2 1154 1337.6 470.4 461.7 467.9 467.9 508.9 367.2 409.3 461.7 282.8 762.6 884.5 1030.6 1176.7 970.1 892.5 879.6 933.8 721 787.7 831.9 859.5 843 875.9 604.5 763.4 922.4 1068.4 776.3 803.9 820.5 820.5 646.8 773.3 919.4 1045.9 1159 1272.1 1385.3 1531.3 1781.3 2187.9 1787.4 1246.2 1100.1 973.6 847.2 720.7 617.4 514.1 411.1 282.8 878.8 755.4 624.4 510.3 400.8 282.8 -9999
-9999 603.5 607.8 282.8 583.7 679.3 571.6 633.6 700.4 448.6 452.3 475.6 785.2 574.9 811.6 1064.6 1253.3 386.1 372.3 378.5 378.5 428.9 282.8 282.8 282.8 461.7 583.7 836.7 982.7 796.4 702.2 633.9 848.2 787.7 575 641.6 685.8 669.3 702.2 443.7 589.7 748.7 894.7 602.6 630.2 646.8 646.8 456.5 589.7 715.7 858.8 1004.9 1118 1221.3 1334.4 1480.5 1659.4 2121.1 1942.2 1541.8 1177 1050.5 904.5 778 674.7 561.5 282.8 1007.1 873.4 742.4 616.6 510.7 392.7 282.8 -9999
-9999 749.6 649 535.8 282.8 461.7 396 557.3 624.1 372.3 372.3 386.1 681.9 461.7 708.3 961.3 1140.2 282.8 282.8 282.8 282.8 282.8 461.7 583.7 282.8 282.8 535.8 714.7 583.7 528.5 473.1 641.6 702.2 641.6 428.9 495.6 495.6 528.5 282.8 428.9 575 721 428.9 456.5 456.5 456.5 282.8 428.9 542 668.5 795 921.5 1048 1161.1 1264.4 1568.2 1825.2 1572.2 1875.5 1696.6 1296.2 1150.1 962 835.5 722.4 282.8 1135.4 1091.5 953.4 812.6 608.3 499.1 396.6 282.8 -9999
-9999 790.8 670.4 639.1 428.9 282.8 282.8 461.7 528.5 282.8 282.8 282.8 535.8 282.8 282.8 282.8 282.8 535.8 535.8 583.7 528.5 409.3 456.5 710.2 409.3 528.5 282.8 282.8 282.8 282.8 461.7 528.5 428.9 495.6 282.8 282.8 282.8 282.8 282.8 282.8 282.8 282.8 282.8 282.8 282.8 282.8 409.3 535.8 649 775.5 901.9 1028.4 1154.9 1281.4 1394.6 1627 1856.8 1579.5 1326.6 1629.8 1450.9 1185.2 1039.1 912.6 282.8 378.5 1219.7 1159.1 1013 562 500.6 433 362.8 282.8 -9999
-9999 812.2 773.6 570.7 532.2 409.3 583.7 282.8 282.8 461.7 461.7 583.7 282.8 461.7 528.5 396 409.3 662.3 662.3 710.2 641.6 689.3 599.6 836.7 535.8 641.6 409.3 528.5 528.5 583.7 282.8 282.8 282.8 282.8 428.9 607.8 734.3 409.3 443.7 443.7 443.7 456.5 409.3 456.5 456.5 282.8 409.3 555.4 681.9 795 941.1 1067.6 1194.1 1340.1 1453.3 1001.6 1186.7 1611.2 1333.9 1080.9 827.9 575 428.9 282.8 396 481.7 1315.4 1361.6 785.1 591.3 482.2 420.9 362.8 282.8 -9999
-9999 934.5 712.5 666.7 532.2 498.8 673.1 378.5 386.1 574.9 635.4 710.2 428.9 282.8 428.9 532.2 498.8 751.8 765.6 813.5 860.6 815.3 712.7 773.3 662.3 583 535.8 655 674.5 729.8 461.7 583.7 282.8 461.7 607.8 734.3 798.1 911.2 583 617.3 617.3 633.9 535.8 583 630.2 646.8 282.8 282.8 282.8 282.8 282.8 409.3 535.8 681.9 827.9 974 999.5 1432.3 2053.4 1253.4 875.8 641.6 473.1 409.3 456.5 586.3 672 917.1 741.9 656.8 485.7 422.5 362.8 282.8 -9999
