R/packages/topocatch/test/out/cti.asc
ncols	75
nrows	75
xllcorner	4610588
yllcorner	5628103
cellsize	40
nodata_value	-9999
[rows 34 to 67 of 75, columns 0 to 74 of 75]
-9999 1047.6 825.7 779.9 633.3 588.2 757.5 462.8 475.6 670.5 748.6 823.3 555.4 282.8 528.5 655 768.1 1097.6 868.9 916.7 963.9 928.5 989 899.8 788.8 709.5 649 768.1 801 875.8 607.8 729.8 461.7 282.8 428.9 575 688.1 834.2 947.3 1060.4 791 791 807.6 709.5 773.3 820.5 837.1 456.5 456.5 473.1 599.6 282.8 282.8 428.9 607.8 753.8 1006.8 1259.8 2306.4 1506.4 942.5 685.8 655 588.2 710.2 1219.1 1068.5 953.3 794.3 638.7 553.6 437.3 367.2 282.8 -9999
-9999 1160.7 953.6 893 746.5 691.5 860.7 558.4 571.2 773.8 861.7 729.1 409.3 282.8 583.7 829.3 955.8 1051.4 1140.9 1012.4 1059.5 1024.1 1102.1 1026.3 915.3 822.7 775.5 914.2 927.5 1002.3 734.3 856.2 588.2 461.7 282.8 409.3 535.8 662.3 788.8 878.2 991.4 964.7 964.7 997.9 919.4 986 1033.2 1027.4 646.8 646.8 663.4 809.4 935.9 473.1 619.2 820.5 1054.7 1307.7 1685.3 1759.4 1195.5 900.6 833.9 841.2 1337.3 1173.5 1045.4 940.2 846.9 691.1 538.5 458.5 378.5 282.8 -9999
-9999 1114.4 1080 1019.5 859.6 804.6 964 671.5 684.3 1035.4 919.4 583 574.9 461.7 282.8 282.8 1075 1188.1 1277.6 693.3 559.2 1127.4 1191.6 1139.4 1041.8 965.7 1087.9 1027.3 1247.9 1148.4 913.2 833.9 652 640.6 282.8 528.5 655 758.3 884.7 980.4 1076 1181.7 1155 1210.4 1065.4 1132.1 1176.3 1223.5 1240.1 1386.1 1512.6 837.1 970.3 1086.4 633.9 864.8 1121.4 1355.5 1938.3 1986.1 1448.4 1134.7 1086.8 1397.2 1251.1 1124.6 1012.7 910.9 826.5 737.1 577.4 481.7 386.1 282.8 -9999
-9999 1270.3 1206.5 1146 986.1 931.1 1090.5 798 1225.7 1093.1 773.3 765.1 386.1 282.8 428.9 495.6 282.8 461.7 565 417.4 514.4 547.5 665.9 1242.7 1145.1 1092.2 1233.9 1421.6 1361.1 1103.4 1039.7 979.9 830.9 528.5 282.8 583.7 710.2 813.5 940 1035.6 1125 1251.5 1394.4 1356.4 1423.1 1311.1 1377.7 1421.9 1568 1430.4 1576.4 1689.6 1792.8 1120.7 1332 1117.8 1374.3 1546.8 2191.2 2239.1 1701.4 1332.5 1232.9 1293.8 1180.7 1077.4 974.1 870.9 781.4 692 602.5 499.3 396 282.8 -9999
-9999 1452.2 1352.6 1272.5 1132.1 1057.6 1217 1399.4 1338.8 947 955.4 509.1 396 282.8 555.4 608.7 741.2 282.8 282.8 386.1 424.7 537.6 645.3 552.9 1258.2 1205.4 1380 1567.7 1293.7 1249.5 1225.6 1126 718.8 473.1 461.7 282.8 428.9 532.2 635.5 738.7 834.4 947.5 1257.1 1403.1 1657.3 1724 1611.9 1623.4 1769.4 1915.5 2042 2145.3 1850.4 1996.4 1177.5 1277.1 1449.6 1799.8 1972.3 2151.2 1880.3 1947.1 1409.6 1263.5 1160.2 1064.6 969 865.7 770.1 680.6 585 481.7 378.5 282.8 -9999
-9999 1631.1 1498.7 1418.5 1258.6 1203.7 1363.1 1545.4 1120.7 1116.2 704.3 591.2 495.6 282.8 378.5 721.8 844.5 396 528.5 282.8 409.3 522.5 424.7 537.6 650.8 1540.8 1493.1 1713.8 1439.8 1415.8 1371.6 931.5 663.4 652 528.5 282.8 528.5 641.6 737.2 850.4 953.7 1066.8 932.9 1068 1131.7 1327.7 1551.7 1697.8 1663.1 1789.6 1916.1 2029.2 2142.4 1046.5 924.6 1024.1 1090.9 1177 1232.3 2273.1 2419.2 2093.1 1368.3 1265 1161.7 1072.3 976.6 873.4 777.7 688.3 592.7 489.4 386.1 282.8 -9999
-9999 282.8 1876.7 1597.4 1404.7 1349.7 1791.1 1475 1329 878 481.7 378.5 282.8 428.9 518.3 835 947.8 491.6 617.9 741.2 282.8 282.8 409.3 522.5 551.2 657 1887.5 1840.2 1606.1 1545.3 1498.1 1077.5 842.3 702.2 428.9 282.8 583.7 696.8 800.1 903.4 1029.9 772.1 907.1 941.5 1082 1250.9 1624.8 1417.5 1582.3 1708.8 1821.9 1935.1 2061.6 655.2 745.7 845.2 876.1 931.5 1110.4 1311.7 1457.8 1603.8 1415.4 1269.4 1180 1095.7 1006.2 902.9 807.3 717.9 622.3 509.1 396 282.8 -9999
-9999 282.8 528.5 1743.5 1843.1 1495.8 1937.1 1541.7 742.4 615.9 489.4 386.1 282.8 555.4 557.2 692 1060.9 604.7 883 830.7 396 473.1 282.8 409.3 522.5 618.1 731.2 1818.8 1752.2 1688.4 1267.8 1032.5 892.5 602.6 456.5 428.9 282.8 829.3 918.8 537.8 598.4 733.5 780.7 921.2 1060.6 1412.1 1227.2 1392 1518.5 1217.6 1331.8 1443.7 715.7 509.1 599.6 663.4 685.8 831.9 1066.1 1212.1 1358.2 1484.7 836.8 839.1 743.5 654 558.4 474.1 378.5 282.8 282.8 282.8 282.8 282.8 -9999
-9999 282.8 495.6 774.1 1989.1 2182.8 1754.4 945.5 799.4 673 559.8 456.5 282.8 386.1 673.4 781.5 1164.2 731.2 996.2 556.8 491.6 576.4 428.9 282.8 409.3 505 600.6 1964.9 1898.2 1458.1 1222.8 1105.2 792.9 617.3 602.6 575 535.8 282.8 396 424.7 559.8 607 760.4 886.9 1221.8 1036.9 1179.3 1322.4 1043.9 1190 1293.3 591.1 569.7 396 473.1 473.1 619.2 765.2 947.1 1126 1272 1845.2 799.5 686.4 559.9 456.6 372.3 282.8 282.8 424.7 433.3 433.3 424.7 282.8 -9999
-9999 282.8 495.6 920.2 2135.2 1967.1 1040.9 894.8 748.7 635.6 509.1 396 282.8 372.3 456.6 801.7 1253.6 826.8 1109.3 669.9 618.1 689.5 532.2 282.8 528.5 631.8 716.1 829.2 2044.3 1435.6 1295.5 983.1 863 776.3 765.2 726.1 681.9 282.8 282.8 409.3 433.3 570.1 726.1 1061 846.7 1005.6 1148.7 853.7 630.2 663.4 456.5 433.3 456.5 282.8 282.8 409.3 555.4 701.5 847.5 1026.4 1205.3 1699.1 899.1 733.6 602.4 506.8 417.4 424.7 566.5 561.5 567.8 566.5 417.4 282.8 -9999
-9999 282.8 622.1 685.8 2179.9 1231.1 1068.5 922.4 802.7 689.5 576.4 473.1 282.8 378.5 462.8 558.4 977.3 930.1 1222.4 783.1 744.6 816 424.7 409.3 282.8 409.3 498.8 594.4 1648.3 1485.7 1173.4 1053.3 1021.9 955.5 886.9 872.2 495.6 428.9 583.7 282.8 409.3 535.8 887.3 685.8 815.3 958.4 663.4 456.5 473.1 282.8 282.8 282.8 282.8 282.8 282.8 409.3 555.4 801 947.1 1093.2 1327.2 1952.1 1034.4 770.4 657.3 545.7 547.5 689.3 689.8 696.1 701 559.2 424.7 282.8 -9999
-9999 282.8 456.5 812.3 2325.9 1258.8 1112.7 963.5 840 726.8 623.5 396 282.8 409.3 493.7 514.4 798.6 1396.1 973.3 934.9 871.1 962.1 559.8 522.5 282.8 428.9 532.2 621.6 663 1363.7 1243.5 1195.6 1145.8 1101.6 1062.4 685.8 641.6 575 729.8 282.8 528.5 674.5 495.6 641.6 768.1 473.1 282.8 282.8 282.8 409.3 535.8 681.9 808.4 921.5 443.7 443.7 599.6 768.1 991.3 1159.8 1338.8 1572.9 1213.3 847.5 696.1 682 817.6 812.7 809.8 819 693.8 566.5 424.7 282.8 -9999
-9999 282.8 456.5 669.3 2472 1303 1153.8 1013.7 877.2 765.4 537.8 424.7 428.9 282.8 386.1 670.3 766.3 885.5 873.6 1116.7 1017.1 1088.6 696.2 433.3 409.3 282.8 409.3 512.6 796.8 928.9 1408.4 1336.1 1314.3 1252.7 876.1 831.9 787.7 721 875.8 428.9 282.8 282.8 282.8 282.8 282.8 282.8 428.9 555.4 681.9 808.4 921.5 1034.6 842.7 958.8 1095.2 617.3 633.9 789.9 958.4 1204 1405.5 1639.6 1037.8 869.8 832.5 959.4 947.2 938.1 872.6 792.6 708.3 575.1 424.7 282.8 -9999
-9999 282.8 495.6 815.3 1515.7 1366.5 1203.9 1050.9 915.8 688.2 575.1 570.7 542 282.8 528.5 631.8 735 683.3 825.9 1007.7 1196 908.9 607 559.8 456.5 282.8 528.5 655 768.1 1106.2 1242.7 1504.6 1465.4 1066.4 1022.2 1000.4 933.8 867.1 1021.9 495.6 282.8 282.8 282.8 428.9 607.8 734.3 860.8 1006.8 1120 1246.5 1359.6 1472.7 1585.9 1689.1 1109.2 1245.6 778.2 824.2 980.2 1171.1 1551.5 1785.7 1183.9 982.9 1101.2 1048.9 1031.5 959.1 882.9 809.8 725.5 575.1 424.7 282.8 -9999
-9999 282.8 641.6 708.3 1556.8 1377.6 1224.6 1089.5 830 716.9 712.5 683.9 433.3 409.3 282.8 409.3 522.5 635.6 762.1 1107.3 1253.4 1055 750 617.3 433.3 409.3 282.8 829.3 955.8 1069 1388.4 1557.3 1279.1 1234.9 1190.7 1146.5 1079.8 1267.5 685.8 641.6 282.8 428.9 282.8 528.5 674.5 801 947.1 1073.6 1200.1 1326.6 1439.7 1543 1646.3 1730.6 1812 1251 1419.3 950.7 1014.5 1317.2 1361.4 1912.2 1310.3 1096.1 1204.5 1138.3 1082 983.2 913 835.4 709.6 575.1 433.3 282.8 -9999
-9999 282.8 495.6 887.3 1623.3 1414.9 1263.2 1003.7 867.3 854.4 834.3 594.1 570.1 456.5 282.8 495.6 608.7 735.2 861.7 1007.8 1153.8 1299.9 807.6 607 559.8 522.5 428.9 282.8 1075 1253.9 1367 589.7 787.7 1436.3 1359.2 1292.5 1480.2 1413.6 887.3 282.8 428.9 607.8 461.7 282.8 774.1 900.6 1046.7 1173.2 1299.7 1426.1 1539.3 1642.6 1722.6 1802.6 1853.4 1985.7 1565.4 1665 1160.5 1463.2 1507.5 1551.7 1423.5 1199.3 1307.8 1241.6 1125 1016.2 933 816 693.1 575.1 433.3 282.8 -9999
-9999 282.8 495.6 1033.3 1769.3 1475.9 1194 1041 1015.2 984.7 744.5 731 617.3 443.7 428.9 282.8 282.8 282.8 409.3 535.8 1253.4 1399.5 819.7 750 696.2 579.3 542 409.3 282.8 282.8 428.9 575 652 1660.1 1538.2 1693 1626.3 1100 528.5 282.8 575 753.8 640.6 282.8 282.8 428.9 555.4 701.5 827.9 954.4 1080.9 1184.2 1268.5 1348.5 1300.5 1440.2 1450.3 1159.5 1877.7 1609.3 1653.5 1681.2 1712.5 1584.3 1411.1 1275.4 1158 1055.8 922.4 799.5 684.9 556.1 417.4 282.8 -9999
-9999 282.8 528.5 708.3 1915.4 1622 1253.8 1205.4 1158.4 894.9 872.8 767.8 604.5 589.7 575 282.8 386.1 443.7 473.1 619.2 765.2 911.3 1645.1 908.9 769.6 702.8 655.2 522.5 409.3 528.5 282.8 461.7 607.8 753.8 1993.8 1871.9 1312.7 718.8 528.5 282.8 721 899.9 786.7 428.9 282.8 282.8 428.9 555.4 701.5 827.9 954.4 1067.6 1157 1172.2 1266.5 1237.6 913.9 1068.2 1214.2 1340.7 1799.6 1827.2 1842 1873.3 1758 1225.9 1112.8 1017.2 927.7 798.7 665.9 531.1 372.3 282.8 -9999
-9999 282.8 674.5 741.2 953.9 1444 1395.7 1332.1 1068.6 1046.5 928.6 866.7 763.4 748.7 409.3 282.8 386.1 489.4 617.3 663.4 831.9 978 1156.9 1015.2 915.7 828.9 696.2 570.1 522.5 655 461.7 282.8 461.7 588.2 674.5 1558.4 964.4 718.8 655 282.8 867.1 1013 899.8 575 428.9 528.5 282.8 428.9 575 701.5 827.9 941.1 1054.2 1143.7 1087.1 740.2 877.9 994.6 1120.6 1246.6 1359.8 1973.3 1988 2015.7 1474.2 1365.9 1139.4 1043.8 940.5 788.8 649.1 435.4 359.1 282.8 -9999
-9999 428.9 495.6 920.2 986.9 1608.5 1522.4 1242.3 1207.3 1089.4 1027 913.8 696.2 583 456.5 282.8 386.1 499.3 645.3 863 909 1077.5 1223.6 1457.8 1094.5 908.9 743.8 683.3 828.7 652 588.2 461.7 282.8 428.9 575 1210 964.4 900.6 583.7 428.9 1013.1 1159.1 748.7 688.1 555.4 674.5 829.3 282.8 461.7 574.9 619.2 732.3 855.6 958.9 598.4 704.2 833.8 946.9 1072.9 1186.1 1289.3 1392.6 2147 1641.5 1486 1300.5 1192.2 1088.9 962.5 799.5 577.2 430.5 362.8 282.8 -9999
-9999 282.8 674.5 741.2 1165.8 1768 1455 1397.6 1250.2 1187.8 959.8 856.5 743.4 630.2 456.5 282.8 456.5 559.8 705.9 851.9 1075.7 1121.8 1290.3 1469.2 1703.4 1055 889.9 1002.4 825.7 798.1 652 607.8 461.7 282.8 409.3 555.4 1146.3 796.4 762.6 829.3 1159.2 1305.2 875.1 814.6 681.9 787.7 955.8 1075 282.8 428.9 555.4 681.9 795 456.5 569.7 673 786.1 899.2 1012.4 1125.5 1228.8 1318.2 1464.3 1597.3 1451.2 1325.2 1139.7 1013.7 890.2 713 531.9 442.5 372.3 282.8 -9999
-9999 282.8 583.7 975.4 1166.7 1755.9 1610.3 1440.5 1348.6 1072.9 959.8 856.5 743.4 630.2 456.5 282.8 528.5 631.8 758.3 884.7 1097.6 1321.4 1367.4 1535.9 1714.9 1949.1 1248 1016 971.8 924.6 798.1 734.3 640.6 282.8 428.9 575 1097.3 975.3 908.6 975.4 1019.6 1404.8 1021.2 941.1 795 1129.5 1069 1188.1 428.9 282.8 282.8 282.8 282.8 396 875.1 978.4 1081.7 1204.7 1308 1421.1 1516.7 1606.2 1752.2 1602.9 1390.7 1277.5 1151.5 966 840 716.5 552.2 456.6 367.2 282.8 -9999
-9999 841.2 889.1 1244.3 1292.2 1355.9 1741.3 1561.3 1246.6 1110.2 998.3 893.8 742.4 646.8 456.5 461.7 282.8 409.3 522.5 649 768.1 914.2 1567 1613 1781.6 1960.5 1261.6 1162 1114.8 988.3 944.1 814.3 786.7 461.7 282.8 409.3 774.1 1154.3 1054.7 1121.5 1165.7 1531.3 1595.1 1067.6 921.5 1242.7 1182.1 1301.2 555.4 409.3 282.8 428.9 575 701.5 814.6 927.7 1031 1144.1 1247.4 1360.6 1444.9 1548.2 1535.1 1725.5 1412.6 1299.5 1103.8 990.7 792.3 679.2 566.1 462.8 367.2 282.8 -9999
-9999 588.2 891.7 991.3 1055.1 1251.2 1278.8 1378.4 1318.1 1172 1035.6 884.3 775.1 617.3 622.5 607.8 282.8 282.8 396 522.5 619.2 765.2 911.3 1057.4 1825.8 2027.2 1440.5 1360.5 1178.6 1134.4 1090.2 976.9 652 607.8 282.8 528.5 674.5 853.4 1200.8 1267.5 1311.7 1677.4 1741.2 1213.6 1034.6 1369.1 1295.2 1414.4 668.5 535.8 428.9 282.8 282.8 409.3 522.5 649 752.2 855.5 968.7 1064.3 1159.9 1344.8 1493.5 1691.2 1564.7 1251.8 1138.6 1012.2 817 690.5 577.4 474.1 378.5 282.8 -9999
-9999 409.3 745.7 809.4 1005.6 1105.2 1132.8 1144.2 1417.7 1248.3 1045.1 925.5 751.9 783.3 768.6 473.1 409.3 282.8 282.8 428.9 542 668.5 814.6 960.6 1303 2071.4 2272.8 1539.4 1347.1 1280.5 1167.2 842.3 798.1 473.1 282.8 528.5 674.5 820.6 1099.1 1446.4 1480.2 1823.5 1867.7 1340.1 1403.9 1495.6 1421.7 842.2 795 649 532.2 396 473.1 282.8 409.3 522.5 649 752.2 855.5 958.8 1171.1 1303.2 1456 2063.7 1530.3 1403.9 1091.4 964.9 838.5 692.4 579.3 466.1 362.8 282.8 -9999
-9999 282.8 599.6 663.4 859.5 831.9 898.6 1110.5 1279 1257.8 1099.2 902.3 917.9 910.4 623.5 599.6 555.4 396 282.8 495.6 608.7 735.2 881.3 1027.3 1173.4 1548.6 2372.3 1685.4 1526.1 1380 1055 1010.8 685.8 473.1 282.8 282.8 428.9 575 1066.2 1311.8 1659.1 1693 2036.2 1486.2 1550 1622.1 1567.8 968.7 898.3 762.1 645.3 509.1 586.3 633.9 282.8 409.3 522.5 649 752.2 1029.3 1142.4 1282.3 2124.8 1615.2 1902.9 1356.6 1230.2 1084.1 892.8 766.3 639.8 448.6 359.1 282.8 -9999
-9999 282.8 473.1 646.8 837.1 685.8 864.8 1033.3 1212.3 1391.2 1115 1078.7 1052.2 765.4 750 729.1 658.7 729.1 409.3 282.8 396 509.1 925.5 1071.5 1240.1 1694.7 2518.3 2617.9 1625.6 1300.6 1223.5 898.6 641.6 495.6 282.8 461.7 495.6 641.6 820.6 966.7 1524.5 1871.9 1905.7 2248.9 1696 1768.2 1694.3 1095.2 1044.4 888.6 771.8 635.6 699.4 759.9 409.3 443.7 583 729.1 855.6 982.1 1108.6 1813.3 2011.7 1485.7 1441.5 1712.6 1566.6 1013.3 867.2 721.2 575.1 448.6 353 282.8 -9999
-9999 282.8 456.5 646.8 473.1 619.2 787.7 966.7 1145.5 1324.4 1324.3 1242.5 915.8 884.6 863.6 832.4 762 842.2 522.5 282.8 443.7 556.8 699.4 1115.7 1261.8 1430.3 1940.3 1871.2 1513.4 1469.2 1144.2 887.3 708.3 428.9 282.8 640.6 674.5 685.8 854.4 1010.9 1179.4 1737.3 2084.6 2118.4 2461.6 1941.7 1873.2 1241.3 1170.9 1034.6 917.9 762.1 825.9 886.4 535.8 583 633.9 795.8 941.8 1087.9 1233.9 1667.2 1865.6 1463.9 1295.5 1452.8 1413.8 1320.9 1004.2 877.7 594.7 448.6 353 282.8 -9999
-9999 282.8 456.5 282.8 428.9 575 721 867.1 1046 1224.9 1403.7 1128.5 1058.3 1014.1 974.2 928 865.2 945.5 635.6 396 456.5 594.1 730.5 873.1 1306 1474.5 1676 1759 1681.9 1279 1132.9 953.9 674.5 495.6 282.8 528.5 853.3 887.2 931.5 1077.5 1256.5 1402.6 1950 2297.3 2331.2 2707.3 2019.2 2118.8 1280.3 1180.7 1063.9 908.2 971.9 1071.5 1132.1 748.6 828.7 974.7 1008.5 1187.5 1366.3 2196.1 1686.8 1419.7 1251.2 1049.8 1240.1 1201.1 1130.6 916.1 665 440.2 355.9 282.8 -9999
-9999 282.8 282.8 396 522.5 668.5 814.6 966.7 1145.5 1324.4 1503.3 1359.1 1226.8 1164.5 1101.7 1041.1 991.7 1058.6 748.7 499.3 569.7 617.3 767.8 904.2 1063.4 1518.8 1720.2 1927.5 1491.7 1323.2 1066.2 920.2 741.2 528.5 282.8 528.5 741.2 1066.1 1099.9 1144.2 1290.3 1446.8 1615.3 2162.7 2510.1 2576.8 3008.1 2297.7 1459.2 1359.6 1242.8 1087 1153.8 1250.4 1317.2 1377.7 994.2 1074.3 1220.4 1254.1 1488.3 1943.1 1606.6 1385.9 1206.9 1038.4 859.5 1049.8 1027.4 940.4 725.9 452.3 362.8 282.8 -9999
-9999 282.8 409.3 522.5 586.3 768.1 914.2 1093.1 1271.9 1731.5 1741.3 1808 1223.1 1402.5 1286.8 1204.5 1137.8 939 875.2 625.8 682.8 743.4 791 941.5 1094.5 1664.8 1866.2 2073.6 1535.9 1256.5 1113.3 986.9 774.1 528.5 282.8 528.5 774.1 986.9 1311.7 1345.6 1491.6 1618.1 1659.5 1828 2408.4 2810.9 3261.1 3309 1712.2 1538.5 1421.7 1340 1387.9 1503.4 1675.9 1334.6 1327.3 1374.5 1520.6 1466 1679.6 2482.8 1517.7 1305.8 1140.3 994.2 825.7 669.3 876.1 837.1 750.1 552.2 362.8 282.8 -9999
-9999 282.8 456.5 583 768.1 914.2 1013.8 1587.5 1485.8 1440.5 1507.2 1399.9 1044.3 1124.4 1195.3 1262 1361.6 1120.9 1021.3 771.8 828.9 869.9 933.6 981.3 1154.2 1340.1 1910.5 1781.6 1502.2 1303.6 1160.6 920.2 774.1 528.5 282.8 528.5 774.1 1019.8 1232.5 1557.4 1703.4 1829.9 1863.8 1905.2 2128.9 2709.2 3514.1 1276.7 1324.5 2137.6 1206.9 1087.9 1021.1 941 982.1 1081.7 1128.9 1274.9 1421 1364.5 2161.8 1803 2181.9 1272 1093.1 924.6 781.5 652 495.6 685.8 646.8 576.4 378.5 282.8 -9999
-9999 282.8 409.3 555.4 701.5 1013.8 1341.9 1185 1194.9 1261.5 1154.3 1202.9 865.4 945.5 1016.4 1116 1146.8 1236.5 1200.2 917.9 974.9 1019.1 1079.7 1123.9 1194 1399.8 1640.9 1714.9 1549.3 1192.7 1066.2 920.2 774.1 282.8 461.7 528.5 741.2 986.9 1265.4 1411.5 1770.1 1916.2 2062.2 2164.6 1246 1146.4 1078.1 1023.7 1087.5 1152.6 1218.6 906 842.2 762.1 836 883.2 934.1 968.4 1118.9 1296 1948 1736.3 1557.4 1936.3 1026.4 880.3 734.3 607.8 461.7 282.8 473.1 456.5 386.1 282.8 -9999
-9999 282.8 409.3 555.4 701.5 1041 939.4 949.2 1048.8 997.9 1008.2 1076.4 738.9 799.4 870.3 934.1 990.9 1136.9 1488.6 1667.6 1121 1187.7 1264.8 1292.4 1369.6 1439.7 1819.8 1794.9 1093.2 947.1 820.6 674.5 528.5 461.7 607.8 674.5 774.1 986.9 1287.7 1511.1 1657.1 2015.7 2161.8 1167.1 1064.1 1000.3 932 877.6 941.4 1006.5 1072.6 759.9 696.2 635.6 709.5 743.8 778.2 928.6 1083.3 1269.6 2177 1702.4 1490.7 1344.6 1690.6 1544.6 1398.5 1252.5 1106.4 428.9 282.8 282.8 282.8 282.8 -9999
