R/packages/topocatch/inst/extdata/dem.asc
ncols        75
nrows        75
xllcorner    4610588.000000000000
yllcorner    5628103.000000000000
cellsize     40.000000000000
NODATA_value  -9999
[rows 20 to 39 of 75, columns 0 to 44 of 75]
577.8699951171875 575.77001953125 577.3599853515625 587.1300048828125 595.469970703125 600.510009765625 603.41998291015625 604.17999267578125 603.77001953125 603 602.22998046875 601.92999267578125 601.989990234375 602.69000244140625 602.8499755859375 603.46002197265625 604.90997314453125 607.57000732421875 610.17999267578125 613.41998291015625 617.27001953125 620.17999267578125 622.6400146484375 624.97998046875 626.96002197265625 628.510009765625 630.4000244140625 631.65997314453125 632.33001708984375 632.67999267578125 633.1099853515625 633.1400146484375 633.71002197265625 634.8499755859375 637.030029296875 639.59002685546875 641.97998046875 644.83001708984375 647.97998046875 650.59002685546875 652.6199951171875 654.739990234375 656.84002685546875 658.66998291015625 661.1300048828125
579.02001953125 577.280029296875 578.780029296875 588.010009765625 595.469970703125 603.78997802734375 608.760009765625 610.6199951171875 610.6400146484375 609.55999755859375 607.969970703125 606.69000244140625 605.96002197265625 605.80999755859375 606.1300048828125 607.030029296875 606.97998046875 607.45001220703125 609.6400146484375 612.78997802734375 616.45001220703125 619.04998779296875 621.3699951171875 623.46002197265625 625 626.5 627.94000244140625 628.22998046875 629.09002685546875 629.1300048828125 629.75 629.58001708984375 630.65997314453125 633 636.469970703125 639.05999755859375 641.5 644.27001953125 647.16998291015625 650.15997314453125 652.96002197265625 655.239990234375 657.19000244140625 659.41998291015625 662.55999755859375
582.28997802734375 578.0999755859375 579.34002685546875 586.469970703125 595.57000732421875 606.6500244140625 614.3800048828125 616.3499755859375 616.20001220703125 615.34002685546875 614.030029296875 611.95001220703125 610.46002197265625 609.3900146484375 609.15997314453125 609.54998779296875 609.969970703125 610.780029296875 611.97998046875 614.3900146484375 616.21002197265625 618.22998046875 620.47998046875 622.09002685546875 623.25 624.1500244140625 624.47998046875 624.70001220703125 625.05999755859375 625.489990234375 626.03997802734375 626.280029296875 628.97998046875 632.6300048828125 636.1500244140625 638.53997802734375 641.21002197265625 644.21002197265625 647.04998779296875 649.8499755859375 652.53997802734375 655.1099853515625 657.5 660.04998779296875 663.239990234375
584.8800048828125 579.79998779296875 579.53997802734375 587.03997802734375 598.28997802734375 609.489990234375 617.66998291015625 620.83001708984375 621.010009765625 619.97998046875 618.25 615.92999267578125 614.1400146484375 612.66998291015625 612.16998291015625 612.6300048828125 613.08001708984375 613.8900146484375 614.6099853515625 616 617.54998779296875 618.78997802734375 619.45001220703125 621.19000244140625 621.44000244140625 621.15997314453125 621.3800048828125 621.57000732421875 622.219970703125 622.52001953125 622.44000244140625 625.280029296875 629.239990234375 632.80999755859375 635.8800048828125 638.82000732421875 641.69000244140625 644.54998779296875 647.30999755859375 649.219970703125 651.67999267578125 654.42999267578125 657.260009765625 659.760009765625 662.72998046875
587.47998046875 582.15997314453125 580.8800048828125 588.47998046875 600.780029296875 611.28997802734375 620.8800048828125 626.28997802734375 627.760009765625 626.07000732421875 622.6099853515625 618.83001708984375 616.8599853515625 615.3699951171875 615.780029296875 615.969970703125 616.55999755859375 616.989990234375 617.09002685546875 617.90997314453125 618.83001708984375 619.34002685546875 619.3699951171875 618.969970703125 618.510009765625 617.989990234375 618.4000244140625 618.77001953125 619.0999755859375 619.19000244140625 620.9000244140625 625.07000732421875 629.59002685546875 632.8599853515625 635.45001220703125 638.0999755859375 640.33001708984375 643.1400146484375 645.1199951171875 647.469970703125 650.04998779296875 652.95001220703125 656.07000732421875 658.84002685546875 661.42999267578125
589.3499755859375 583.739990234375 581.0999755859375 586.989990234375 600.489990234375 613.6099853515625 623.95001220703125 630.71002197265625 633.42999267578125 632.260009765625 629.3900146484375 623.3699951171875 619.17999267578125 617.55999755859375 618.19000244140625 620.02001953125 620.34002685546875 619.57000732421875 619.19000244140625 619.27001953125 619.33001708984375 619.59002685546875 619.02001953125 617.4000244140625 615.9000244140625 615.010009765625 615.010009765625 615.6300048828125 615.45001220703125 617.219970703125 620.82000732421875 624.94000244140625 628.469970703125 631.57000732421875 633.96002197265625 635.989990234375 638.469970703125 641.28997802734375 643.1099853515625 645.4000244140625 647.989990234375 651.20001220703125 654.1099853515625 656.44000244140625 659.83001708984375
591.4000244140625 585.67999267578125 582.719970703125 585.05999755859375 598.83001708984375 613.07000732421875 622.97998046875 631.95001220703125 634.3599853515625 632.8699951171875 630.1500244140625 623.96002197265625 618.41998291015625 616.77001953125 618.6300048828125 620.41998291015625 620.8599853515625 620.6500244140625 620.46002197265625 620.32000732421875 619.44000244140625 619.16998291015625 617.94000244140625 615.69000244140625 613.17999267578125 611.94000244140625 612.260009765625 612.6099853515625 613.52001953125 616.70001220703125 620.52001953125 623.9000244140625 627.09002685546875 629.719970703125 632.030029296875 633.8800048828125 635.79998779296875 638.59002685546875 640.69000244140625 643.08001708984375 646.28997802734375 649.34002685546875 651.54998779296875 653.6300048828125 656.78997802734375
593.1099853515625 587.9000244140625 583.34002685546875 584.780029296875 595.3599853515625 609.20001220703125 619.71002197265625 627.5 629.46002197265625 628.530029296875 626.07000732421875 619.90997314453125 614.66998291015625 613.1500244140625 615.1400146484375 617.66998291015625 618.42999267578125 619.6199951171875 620.3499755859375 620.0999755859375 619.25 618.66998291015625 616.20001220703125 613.42999267578125 610.19000244140625 608.77001953125 609.34002685546875 610.72998046875 612.6199951171875 616.15997314453125 619.66998291015625 622.54998779296875 625.33001708984375 627.469970703125 629.260009765625 631.1500244140625 632.33001708984375 634.70001220703125 637.30999755859375 640.239990234375 643.78997802734375 646.71002197265625 648.5 650.83001708984375 653.41998291015625
595.65997314453125 590.9000244140625 585.47998046875 584.65997314453125 589.8499755859375 602.83001708984375 613.90997314453125 619.739990234375 622.1500244140625 621.82000732421875 619.32000732421875 614.260009765625 609.3499755859375 607.09002685546875 608.969970703125 611.3699951171875 613.3800048828125 614.3900146484375 615.05999755859375 615.0999755859375 615.95001220703125 615.1300048828125 611.70001220703125 607.969970703125 606.45001220703125 606.70001220703125 607.8900146484375 609.3900146484375 612.16998291015625 615.1099853515625 618.54998779296875 621.8800048828125 623.6500244140625 624.91998291015625 626.45001220703125 627.44000244140625 629.239990234375 631.75 634.58001708984375 637.3499755859375 641.03997802734375 643.17999267578125 644.95001220703125 647.5999755859375 649.82000732421875
596.83001708984375 593.6099853515625 587.8800048828125 586.22998046875 587.32000732421875 594.3900146484375 603.760009765625 608.510009765625 610.5999755859375 611.78997802734375 610.52001953125 608.280029296875 604.260009765625 601.97998046875 601.77001953125 603.16998291015625 604 605.22998046875 606.66998291015625 607.1199951171875 607.54998779296875 605.07000732421875 603.44000244140625 603.5 604.3900146484375 605.57000732421875 606.5999755859375 608.33001708984375 610.54998779296875 613.489990234375 617.02001953125 620.80999755859375 621.6500244140625 622.3699951171875 623.280029296875 624.239990234375 626.219970703125 628.739990234375 631.02001953125 633.8800048828125 636.72998046875 639.40997314453125 641.739990234375 644.08001708984375 646.67999267578125
599.8699951171875 597.0999755859375 591.59002685546875 587.4000244140625 586.92999267578125 589.4000244140625 594.1400146484375 597.739990234375 600.1099853515625 601.21002197265625 600.53997802734375 599.719970703125 598.25 597.20001220703125 596.08001708984375 597.46002197265625 598.780029296875 599.030029296875 599.42999267578125 600.47998046875 601.260009765625 601.84002685546875 604.3699951171875 604.760009765625 604.40997314453125 605.32000732421875 606.21002197265625 607.65997314453125 608.71002197265625 610.84002685546875 614.33001708984375 618.40997314453125 619.45001220703125 619.33001708984375 619.8599853515625 620.8699951171875 623.1400146484375 625.27001953125 626.96002197265625 630.030029296875 632.75 635.77001953125 638.30999755859375 640.780029296875 643.53997802734375
603.6400146484375 600.8900146484375 597.219970703125 593.21002197265625 589.55999755859375 587.780029296875 589.030029296875 591.27001953125 592.59002685546875 592.989990234375 593.25 593.530029296875 594.6300048828125 595.08001708984375 596.1099853515625 597.21002197265625 597.83001708984375 598.59002685546875 599.67999267578125 601.19000244140625 603.21002197265625 605.6099853515625 607.67999267578125 608.70001220703125 608.4000244140625 607.010009765625 606.1400146484375 606.8499755859375 608.03997802734375 609.25 610.90997314453125 613.30999755859375 615.05999755859375 615.91998291015625 617.09002685546875 618.94000244140625 621.52001953125 623.28997802734375 626.45001220703125 629.19000244140625 631.72998046875 633.5 635.22998046875 638.1099853515625 640.94000244140625
608.21002197265625 605.92999267578125 602.58001708984375 599.29998779296875 596.3499755859375 592.0999755859375 590.05999755859375 590.280029296875 591.20001220703125 592.57000732421875 594.67999267578125 595.3699951171875 594.47998046875 596.19000244140625 597.95001220703125 601.6300048828125 601.97998046875 602.9000244140625 603.8900146484375 605.27001953125 607.59002685546875 609.8499755859375 611.469970703125 612.6500244140625 612.489990234375 611.6199951171875 609.54998779296875 609.34002685546875 609.53997802734375 609.75 610.1500244140625 611.29998779296875 612.44000244140625 614.46002197265625 616.6199951171875 619.239990234375 623.0999755859375 627.41998291015625 630.1400146484375 632.8599853515625 635.719970703125 637.57000732421875 639.03997802734375 640.84002685546875 643.53997802734375
612.719970703125 610.42999267578125 608.0999755859375 605.79998779296875 604.1500244140625 600.1400146484375 598.3800048828125 597.25 596.54998779296875 598.25 599.16998291015625 599.42999267578125 596.83001708984375 597.07000732421875 599.55999755859375 605.6099853515625 610.3599853515625 611.469970703125 610.15997314453125 611.010009765625 612.8499755859375 613.8499755859375 615.66998291015625 616.54998779296875 616.47998046875 615.57000732421875 614.28997802734375 613.27001953125 612.95001220703125 612.5999755859375 611.78997802734375 611.70001220703125 612.1099853515625 613.72998046875 617.1500244140625 620.96002197265625 624.16998291015625 628.77001953125 633.25 635.55999755859375 638.739990234375 641.47998046875 642.8499755859375 645.16998291015625 646.90997314453125
617.280029296875 615.1199951171875 612.989990234375 611.4000244140625 610.09002685546875 608.45001220703125 607.010009765625 606.1099853515625 605.40997314453125 604.75 603.6400146484375 603.510009765625 600.530029296875 598.65997314453125 599.8699951171875 603.75 608.97998046875 614.6099853515625 615.8599853515625 617.46002197265625 619.260009765625 619.489990234375 620.05999755859375 620.8699951171875 620.28997802734375 619.75 618.739990234375 618.09002685546875 616.6300048828125 616.1199951171875 615.46002197265625 614.66998291015625 613.91998291015625 614.1199951171875 616.6300048828125 620.4000244140625 624.6099853515625 628.33001708984375 632.8800048828125 637.95001220703125 641.53997802734375 645.21002197265625 647.08001708984375 648.780029296875 650.22998046875
621.03997802734375 619.8800048828125 617.489990234375 616.04998779296875 614.97998046875 613.82000732421875 613.1500244140625 612.55999755859375 612.47998046875 610.90997314453125 608.739990234375 607.1099853515625 604.030029296875 600.1199951171875 600.66998291015625 602 605.96002197265625 613.3800048828125 620.739990234375 623.84002685546875 625.5 626.28997802734375 625.32000732421875 625.030029296875 624.45001220703125 625.219970703125 623.1500244140625 621.32000732421875 621.02001953125 619.79998779296875 618.70001220703125 618.5 617.70001220703125 616.19000244140625 615.78997802734375 619.84002685546875 624.03997802734375 628.219970703125 632.40997314453125 639.6300048828125 645.34002685546875 648.219970703125 650.54998779296875 651.77001953125 653.030029296875
624.03997802734375 623.53997802734375 621.489990234375 620.25 619.780029296875 619.219970703125 618.72998046875 617.8699951171875 616.6099853515625 614.70001220703125 611.91998291015625 610.08001708984375 607.16998291015625 602.1099853515625 600.3499755859375 602.84002685546875 604.91998291015625 609.67999267578125 617.84002685546875 624.1300048828125 628.34002685546875 632.29998779296875 632.97998046875 629.92999267578125 628.4000244140625 627.59002685546875 626.8499755859375 626.1300048828125 623.17999267578125 622.54998779296875 621.489990234375 621.21002197265625 620.58001708984375 618.42999267578125 616.989990234375 618.78997802734375 623.469970703125 629.09002685546875 632.91998291015625 640.0999755859375 647.489990234375 650.29998779296875 652.719970703125 654.030029296875 655.6199951171875
626.3499755859375 626.16998291015625 625.34002685546875 624.469970703125 623.9000244140625 623.46002197265625 623.33001708984375 622.45001220703125 620.33001708984375 617.57000732421875 614.760009765625 612.25 608.6300048828125 602.92999267578125 603.20001220703125 603.84002685546875 604.719970703125 607.07000732421875 612.780029296875 619.469970703125 626.4000244140625 632.6500244140625 637.75 636.03997802734375 633.67999267578125 631.54998779296875 629.8900146484375 628.80999755859375 627.58001708984375 625.77001953125 624.57000732421875 624.02001953125 622.77001953125 620.469970703125 618.21002197265625 618.5 622.69000244140625 628.79998779296875 632.82000732421875 640.010009765625 648.260009765625 652.03997802734375 654.28997802734375 656.57000732421875 657.8900146484375
627.54998779296875 628.25 628.1300048828125 628.1300048828125 627.44000244140625 627.22998046875 627.1500244140625 626.3900146484375 624.58001708984375 620.97998046875 617.3699951171875 614.030029296875 608.78997802734375 604.1500244140625 607.030029296875 609.16998291015625 607.3699951171875 607.25 609.33001708984375 614.6099853515625 621.1300048828125 627.29998779296875 633.47998046875 638.20001220703125 638.9000244140625 636.80999755859375 633.29998779296875 631.58001708984375 630.66998291015625 629.03997802734375 627.489990234375 626.59002685546875 625.219970703125 622.91998291015625 620.010009765625 619.030029296875 622.489990234375 627.6400146484375 633.780029296875 639.8599853515625 646.8900146484375 652.33001708984375 655.22998046875 657.77001953125 659.1099853515625
628.530029296875 629.8599853515625 630.82000732421875 630.739990234375 630.6400146484375 630.3900146484375 630 628.9000244140625 626.8900146484375 623.57000732421875 619.9000244140625 615.05999755859375 608.4000244140625 606.20001220703125 612.5999755859375 614.3900146484375 613.34002685546875 611.79998779296875 610.3800048828125 612.239990234375 616.03997802734375 621.0999755859375 626.80999755859375 633.0999755859375 638.08001708984375 639.92999267578125 637.52001953125 635.030029296875 633.9000244140625 632.16998291015625 630.4000244140625 629.1099853515625 627.760009765625 625.469970703125 621.8800048828125 619.8499755859375 622.010009765625 627.17999267578125 633.530029296875 639.19000244140625 644.53997802734375 650.260009765625 654.030029296875 657.16998291015625 659.030029296875
