R/packages/topocatch/inst/extdata/dem.asc
ncols        75
nrows        75
xllcorner    4610588.000000000000
yllcorner    5628103.000000000000
cellsize     40.000000000000
NODATA_value  -9999
[rows 40 to 59 of 75, columns 0 to 44 of 75]
629.6500244140625 631.53997802734375 632.78997802734375 633.29998779296875 633.6300048828125 633 632.3599853515625 630.54998779296875 628.32000732421875 625.53997802734375 621.8800048828125 616.030029296875 608.96002197265625 609.40997314453125 616.58001708984375 618.52001953125 618.91998291015625 618.5999755859375 617.510009765625 614.25 614.05999755859375 617.5 621.6400146484375 627.29998779296875 632.780029296875 639.20001220703125 640.6300048828125 638.90997314453125 637.08001708984375 635.54998779296875 633.78997802734375 631.969970703125 630.3599853515625 627.760009765625 624.34002685546875 621.469970703125 621.739990234375 626.95001220703125 633.28997802734375 639 642.90997314453125 647.030029296875 650.25 654.010009765625 656.90997314453125
630.97998046875 633.30999755859375 634.83001708984375 635.78997802734375 636.260009765625 635.719970703125 634.59002685546875 632.219970703125 629.6300048828125 626.20001220703125 622.1500244140625 616.1500244140625 609.77001953125 613.20001220703125 620.22998046875 623.260009765625 623.8599853515625 623.80999755859375 622.95001220703125 621.66998291015625 619.16998291015625 618.6400146484375 620.05999755859375 623.69000244140625 629.489990234375 636.45001220703125 641.20001220703125 641.28997802734375 640.1099853515625 638.72998046875 636.8800048828125 634.65997314453125 632.92999267578125 630.28997802734375 626.84002685546875 623.530029296875 622.6500244140625 624.8599853515625 632.719970703125 637.8699951171875 640.989990234375 644.33001708984375 646.53997802734375 650.239990234375 653.28997802734375
632.6300048828125 635.32000732421875 637.1400146484375 638.260009765625 638.94000244140625 638.1400146484375 636.33001708984375 633.8599853515625 630.66998291015625 626.8900146484375 622.40997314453125 616.47998046875 611.6400146484375 617.53997802734375 626.27001953125 631.010009765625 630.40997314453125 628.3499755859375 627.54998779296875 626.469970703125 625.8699951171875 625.25 623.20001220703125 622.91998291015625 627.010009765625 634.05999755859375 641.17999267578125 644.32000732421875 643.34002685546875 641.53997802734375 639.6300048828125 637.46002197265625 635.469970703125 634.1199951171875 629.80999755859375 626.6500244140625 624.21002197265625 624.280029296875 628.6400146484375 635.19000244140625 638.05999755859375 640.72998046875 643.3699951171875 646.8499755859375 649.94000244140625
635.02001953125 637.65997314453125 639.4000244140625 641.1199951171875 641.67999267578125 640.40997314453125 638.25 635.40997314453125 631.84002685546875 627.33001708984375 622.780029296875 617.58001708984375 613.42999267578125 620.739990234375 629.530029296875 636.72998046875 637.71002197265625 634.52001953125 632.52001953125 630.78997802734375 630.16998291015625 629.82000732421875 628.69000244140625 623.8900146484375 626.239990234375 632.3699951171875 640.84002685546875 645.69000244140625 645.90997314453125 643.90997314453125 641.91998291015625 639.8599853515625 637.219970703125 635.6400146484375 632.44000244140625 629.22998046875 626.59002685546875 625.239990234375 626.34002685546875 629.95001220703125 634.77001953125 637.53997802734375 640.17999267578125 642.96002197265625 646.760009765625
637.90997314453125 640.42999267578125 642.52001953125 644.1199951171875 644.25 643.04998779296875 640.8599853515625 637.6500244140625 634.03997802734375 629.030029296875 624.27001953125 618.469970703125 615.25 621.5 630.84002685546875 638.1300048828125 643.1300048828125 640.82000732421875 637.94000244140625 635.72998046875 633.780029296875 633.75 632.780029296875 628.010009765625 626.8599853515625 631.34002685546875 639.21002197265625 646.21002197265625 648.45001220703125 647.1199951171875 644.66998291015625 642.46002197265625 639.1099853515625 636.96002197265625 635.719970703125 632.03997802734375 629.32000732421875 627.57000732421875 626.78997802734375 627.46002197265625 630.9000244140625 634.70001220703125 637.17999267578125 640.40997314453125 644.08001708984375
640.83001708984375 643.52001953125 646.03997802734375 647.5999755859375 646.9000244140625 646.1199951171875 643.42999267578125 640.66998291015625 637.1400146484375 631.78997802734375 626.22998046875 621.05999755859375 616.3800048828125 619.84002685546875 629.489990234375 636.3699951171875 641.80999755859375 644.28997802734375 641.3599853515625 639.33001708984375 637.77001953125 637.260009765625 636.1099853515625 632.739990234375 628.1099853515625 630.65997314453125 636.8599853515625 645.1099853515625 648.22998046875 649.6400146484375 647.40997314453125 645.29998779296875 641.8699951171875 639.8499755859375 637.46002197265625 633.96002197265625 632.010009765625 630.95001220703125 629.82000732421875 628.8499755859375 630.17999267578125 632.59002685546875 635.16998291015625 638.34002685546875 641.65997314453125
644.3699951171875 646.91998291015625 649.530029296875 650.30999755859375 649.9000244140625 648.1099853515625 645.9000244140625 643.29998779296875 640.1400146484375 634.6400146484375 629.52001953125 624.780029296875 618.97998046875 619.1199951171875 625.25 630.969970703125 637.77001953125 642.28997802734375 642.96002197265625 641.41998291015625 641.04998779296875 640.6500244140625 639.15997314453125 636.3599853515625 632.09002685546875 630.16998291015625 634.4000244140625 640.29998779296875 645.77001953125 648.989990234375 649.25 646.8699951171875 644.34002685546875 641.92999267578125 639.469970703125 636.6099853515625 634.84002685546875 633.67999267578125 633.1199951171875 631.719970703125 630.1500244140625 631.40997314453125 634.030029296875 636.79998779296875 639.91998291015625
647.54998779296875 649.6199951171875 651.33001708984375 652.719970703125 652.44000244140625 650.469970703125 648.469970703125 646.03997802734375 643.20001220703125 638.17999267578125 633.30999755859375 628.239990234375 624.15997314453125 621.16998291015625 622.1199951171875 627.780029296875 633.57000732421875 638.3900146484375 641.16998291015625 642.5 643.239990234375 643.239990234375 641.97998046875 639.5 636.09002685546875 632.22998046875 632.78997802734375 637.04998779296875 641.92999267578125 647.3800048828125 650.19000244140625 648.5 646.41998291015625 644.19000244140625 641.78997802734375 639.41998291015625 638.010009765625 636.83001708984375 636.02001953125 633.97998046875 632.6400146484375 633.29998779296875 634.280029296875 636.760009765625 639.41998291015625
649.77001953125 651.719970703125 653.71002197265625 655.05999755859375 655.44000244140625 654.19000244140625 651.96002197265625 649.469970703125 646.97998046875 642.3900146484375 637.4000244140625 632.6400146484375 628.52001953125 624.58001708984375 622.1199951171875 626.4000244140625 631.40997314453125 635.69000244140625 639.58001708984375 642.28997802734375 644.57000732421875 645.83001708984375 644.780029296875 642.59002685546875 640.09002685546875 636.3599853515625 633.59002685546875 635.08001708984375 639.030029296875 643.53997802734375 649.65997314453125 649.52001953125 647.8900146484375 646.07000732421875 644.09002685546875 642.33001708984375 640.78997802734375 639.469970703125 638.719970703125 636.530029296875 635.75 635.79998779296875 635.69000244140625 636.8499755859375 640.260009765625
651.92999267578125 654.1199951171875 655.8699951171875 657.08001708984375 657.3499755859375 657 654.780029296875 652.5999755859375 650.1500244140625 645.95001220703125 640.719970703125 636.27001953125 631.83001708984375 628 624.21002197265625 625.67999267578125 630.83001708984375 635.19000244140625 639.02001953125 642.16998291015625 645.16998291015625 647.59002685546875 647.9000244140625 645.530029296875 643.54998779296875 640.83001708984375 637.3800048828125 635.510009765625 637.6300048828125 640.28997802734375 645.010009765625 648.84002685546875 648.6199951171875 647.4000244140625 645.90997314453125 644.719970703125 643.489990234375 642.04998779296875 640.41998291015625 638.6199951171875 638.84002685546875 638.4000244140625 637.8699951171875 638.1500244140625 640.17999267578125
655.08001708984375 656.82000732421875 658.32000732421875 659.72998046875 659.94000244140625 659.469970703125 658.02001953125 655.530029296875 652.77001953125 649.1300048828125 644.489990234375 639.42999267578125 635.1500244140625 630.92999267578125 626.96002197265625 626.16998291015625 630.469970703125 635.07000732421875 638.989990234375 642.55999755859375 645.3599853515625 648.09002685546875 649.77001953125 648.6400146484375 646.97998046875 645.010009765625 642.46002197265625 639.510009765625 638.239990234375 639.010009765625 641.6500244140625 645.3599853515625 648.08001708984375 648.44000244140625 647.739990234375 646.8699951171875 645.95001220703125 644.29998779296875 642.03997802734375 640.719970703125 641.77001953125 641.09002685546875 640.22998046875 640.3800048828125 640.530029296875
658 659.05999755859375 660.47998046875 662.030029296875 662.6199951171875 661.8699951171875 660.29998779296875 657.95001220703125 655.1099853515625 651.58001708984375 647.8699951171875 643.010009765625 638.02001953125 633.92999267578125 629.8499755859375 627.09002685546875 632.6300048828125 637.1199951171875 640.030029296875 643.1300048828125 645.96002197265625 648.53997802734375 650.719970703125 650.96002197265625 650.27001953125 649.19000244140625 647.1500244140625 644.67999267578125 642.280029296875 640.9000244140625 640.84002685546875 643.09002685546875 646.4000244140625 648.8800048828125 649.42999267578125 648.989990234375 648.1199951171875 646.53997802734375 644.1099853515625 643.6400146484375 644.5 644.1300048828125 643.46002197265625 642.52001953125 642.719970703125
660.46002197265625 661.47998046875 662.77001953125 663.75 664.59002685546875 664.510009765625 662.780029296875 660.78997802734375 657.8599853515625 654.1099853515625 650.469970703125 645.760009765625 640.21002197265625 635.92999267578125 632.29998779296875 628.3599853515625 633.94000244140625 639.6199951171875 642.5 644.6300048828125 646.91998291015625 649.55999755859375 651.67999267578125 652.75 652.97998046875 652.57000732421875 651.30999755859375 649.15997314453125 646.58001708984375 644.67999267578125 643.280029296875 642.8499755859375 645.15997314453125 648.52001953125 650.780029296875 651.05999755859375 650.25 648.84002685546875 647.5999755859375 646.739990234375 647.94000244140625 648.55999755859375 647.530029296875 646.1300048828125 645.8599853515625
663.02001953125 663.66998291015625 664.8599853515625 666.07000732421875 666.739990234375 667.1199951171875 665.75 663.54998779296875 660.69000244140625 657.239990234375 652.530029296875 648.07000732421875 642.84002685546875 638.09002685546875 634.30999755859375 630.16998291015625 635.59002685546875 640.95001220703125 644.260009765625 646.22998046875 648.07000732421875 650.41998291015625 652.72998046875 654.4000244140625 655.1300048828125 655.260009765625 655.04998779296875 653.69000244140625 650.54998779296875 648 646.5999755859375 645.07000732421875 644.95001220703125 647.52001953125 651.28997802734375 652.8900146484375 652.28997802734375 651.030029296875 648.83001708984375 649.8800048828125 651.05999755859375 652.09002685546875 651.96002197265625 651.03997802734375 650.08001708984375
664.55999755859375 666.010009765625 666.8599853515625 667.55999755859375 668.58001708984375 669.010009765625 668.280029296875 666.44000244140625 663.78997802734375 660.05999755859375 655.530029296875 649.97998046875 644.67999267578125 640.1199951171875 636.22998046875 632.219970703125 635.96002197265625 641.59002685546875 645.280029296875 647.71002197265625 649.65997314453125 651.72998046875 654.010009765625 655.84002685546875 657.1500244140625 657.90997314453125 657.6099853515625 656.52001953125 654.1300048828125 651.40997314453125 649.8699951171875 648.09002685546875 646.54998779296875 647.29998779296875 650.95001220703125 654.219970703125 654.010009765625 652.95001220703125 651.489990234375 652.1199951171875 653.91998291015625 655.22998046875 655.5999755859375 654.71002197265625 654.1099853515625
666.1300048828125 666.780029296875 667.70001220703125 668.58001708984375 669.34002685546875 670.05999755859375 670.20001220703125 669.07000732421875 666.52001953125 663.219970703125 658.42999267578125 652.33001708984375 646.94000244140625 641.8900146484375 637.8599853515625 633.530029296875 635.42999267578125 641.0999755859375 645.34002685546875 648.65997314453125 650.83001708984375 652.65997314453125 655.1300048828125 657.05999755859375 658.8699951171875 660.1099853515625 660.1500244140625 658.8900146484375 656.9000244140625 654.66998291015625 653.219970703125 651.57000732421875 649.3900146484375 648.25 650.70001220703125 654.1400146484375 655.3900146484375 655.16998291015625 654.489990234375 655.03997802734375 656.72998046875 657.25 658.719970703125 658.83001708984375 658.69000244140625
666.6099853515625 667.32000732421875 667.8599853515625 668.489990234375 669.41998291015625 669.969970703125 670.58001708984375 670.5 668.80999755859375 665.5 661.3499755859375 655.44000244140625 649.94000244140625 643.40997314453125 640 636.219970703125 635.75 640.32000732421875 644.71002197265625 648.75 651.489990234375 653.67999267578125 656.1300048828125 658.21002197265625 660.219970703125 661.72998046875 662.25 661.66998291015625 660.04998779296875 657.97998046875 656.46002197265625 654.8699951171875 652.3900146484375 650.030029296875 650.260009765625 653.54998779296875 655.66998291015625 656.94000244140625 657.1099853515625 658.03997802734375 660.04998779296875 661.469970703125 661.8499755859375 662.6099853515625 663.07000732421875
665.80999755859375 666.17999267578125 666.71002197265625 667.25 667.92999267578125 668.55999755859375 669.67999267578125 670.45001220703125 669.55999755859375 667.3599853515625 664.030029296875 659.19000244140625 654.0999755859375 647.3599853515625 642.6199951171875 639.33001708984375 636.9000244140625 639.46002197265625 643.8699951171875 648.09002685546875 651.469970703125 654.3800048828125 657.44000244140625 659.55999755859375 661.5 663.46002197265625 664.04998779296875 663.42999267578125 662.75 661.260009765625 659.29998779296875 657.3599853515625 655.1300048828125 652.719970703125 651.239990234375 653.1199951171875 655.8800048828125 658.17999267578125 659.57000732421875 661.08001708984375 662.8499755859375 664.21002197265625 665.27001953125 666.3599853515625 667.54998779296875
663.54998779296875 663.6199951171875 664.19000244140625 665.260009765625 665.80999755859375 666.47998046875 667.40997314453125 669.32000732421875 669.989990234375 668.469970703125 665.8699951171875 661.8800048828125 657.28997802734375 650.469970703125 645.6500244140625 642.17999267578125 640.55999755859375 641.41998291015625 642.52001953125 646.44000244140625 650.8599853515625 654.530029296875 658.0999755859375 660.70001220703125 663.260009765625 664.67999267578125 665.71002197265625 665.45001220703125 665 663.77001953125 661.969970703125 659.8599853515625 657.55999755859375 655.6400146484375 653.3499755859375 654.05999755859375 656.67999267578125 659.5 661.1500244140625 663.15997314453125 664.97998046875 666.53997802734375 668.66998291015625 669.70001220703125 671.219970703125
658.739990234375 659.6500244140625 660.6199951171875 662.27001953125 663.25 664.59002685546875 665.92999267578125 667.3900146484375 668.96002197265625 669.530029296875 667.530029296875 664.75 659.989990234375 654.77001953125 649.6400146484375 645.78997802734375 644.41998291015625 645.59002685546875 644.6199951171875 646.92999267578125 651.71002197265625 655.739990234375 659.1400146484375 662.1099853515625 664.70001220703125 666.28997802734375 667.3900146484375 667.69000244140625 666.780029296875 665.83001708984375 664.16998291015625 662.239990234375 659.96002197265625 657.6500244140625 655.17999267578125 655.3699951171875 657.97998046875 660.6500244140625 662.66998291015625 664.760009765625 667.30999755859375 669.03997802734375 671.28997802734375 672.77001953125 674.20001220703125
