R/packages/topocatch/inst/extdata/dem.asc
ncols        75
nrows        75
xllcorner    4610588.000000000000
yllcorner    5628103.000000000000
cellsize     40.000000000000
NODATA_value  -9999
[rows 0 to 19 of 75, columns 0 to 44 of 75]
573.52001953125 581.20001220703125 586.469970703125 589.47998046875 591.32000732421875 593.19000244140625 593.95001220703125 594.97998046875 595.3499755859375 595.3699951171875 594.75 594.70001220703125 594.03997802734375 591.79998779296875 592.17999267578125 595.19000244140625 597.989990234375 601.30999755859375 604.53997802734375 607.83001708984375 609.94000244140625 612.40997314453125 614.58001708984375 616.02001953125 617.719970703125 618.6400146484375 619.1400146484375 619.30999755859375 620.739990234375 622.90997314453125 625.219970703125 627.28997802734375 629.22998046875 631.28997802734375 632.6099853515625 633.3900146484375 632.030029296875 629.90997314453125 626.47998046875 622.77001953125 618.780029296875 614.530029296875 610.6500244140625 606.16998291015625 605.32000732421875
578.8900146484375 586.69000244140625 590.57000732421875 593.1500244140625 594.66998291015625 595.8499755859375 597.04998779296875 597.78997802734375 598.030029296875 598.010009765625 597.80999755859375 597.17999267578125 596.40997314453125 594.04998779296875 593.15997314453125 596.27001953125 599.34002685546875 602.79998779296875 606.33001708984375 609.1400146484375 611.5 614.22998046875 616.510009765625 618.22998046875 619.77001953125 620.72998046875 621.17999267578125 621.22998046875 622 623.760009765625 626.15997314453125 628.45001220703125 630.52001953125 632.3900146484375 633.8699951171875 634.8599853515625 633.9000244140625 631.34002685546875 627.78997802734375 624.59002685546875 620.53997802734375 616 611.94000244140625 607.82000732421875 607.16998291015625
583.5999755859375 592.469970703125 596.1400146484375 596.989990234375 597.65997314453125 598.45001220703125 599.08001708984375 599.91998291015625 600.16998291015625 600.29998779296875 600.20001220703125 599.780029296875 598.96002197265625 596.94000244140625 595.16998291015625 597.489990234375 600.57000732421875 604.25 607.530029296875 610.59002685546875 613.3800048828125 616.25 618.47998046875 620.280029296875 621.57000732421875 622.45001220703125 622.95001220703125 623.1300048828125 623.6400146484375 624.8599853515625 627.3699951171875 629.59002685546875 631.4000244140625 633.08001708984375 634.80999755859375 636.20001220703125 634.82000732421875 632.6199951171875 629.84002685546875 625.41998291015625 621.54998779296875 617.3800048828125 613.47998046875 609.34002685546875 608.78997802734375
581.04998779296875 590.530029296875 599.1099853515625 601.1199951171875 600.32000732421875 600.32000732421875 601.1300048828125 601.8499755859375 602.53997802734375 602.8900146484375 602.54998779296875 602.30999755859375 601.80999755859375 599.9000244140625 597.46002197265625 599.4000244140625 602.15997314453125 605.46002197265625 608.42999267578125 611.8900146484375 614.97998046875 617.79998779296875 619.780029296875 622.09002685546875 623.719970703125 625.010009765625 625.55999755859375 625.719970703125 626.29998779296875 626.58001708984375 628.030029296875 630.09002685546875 631.91998291015625 633.91998291015625 635.9000244140625 636.6199951171875 635.8699951171875 633.5 630.32000732421875 626.65997314453125 622.77001953125 618.69000244140625 615.09002685546875 611.6400146484375 610.03997802734375
577.239990234375 584.4000244140625 592.07000732421875 596.1199951171875 599.0999755859375 600.55999755859375 602.30999755859375 603.260009765625 604.21002197265625 604.91998291015625 604.82000732421875 604.3900146484375 603.4000244140625 601.719970703125 599.5 601.3900146484375 604.17999267578125 607.45001220703125 610.45001220703125 613.59002685546875 616.760009765625 619.54998779296875 621.760009765625 624.469970703125 625.739990234375 626.969970703125 628.1400146484375 628.19000244140625 628.66998291015625 628.92999267578125 629.71002197265625 630.989990234375 632.969970703125 634.6300048828125 635.84002685546875 636.4000244140625 636.29998779296875 634.33001708984375 631.3800048828125 627.8900146484375 623.92999267578125 619.66998291015625 615.969970703125 613.53997802734375 612.760009765625
573.05999755859375 579.91998291015625 586.19000244140625 591.3900146484375 595.45001220703125 599.40997314453125 602.72998046875 604.09002685546875 605.3699951171875 606.33001708984375 606.66998291015625 606.33001708984375 605.41998291015625 603.72998046875 602.17999267578125 603.77001953125 606.41998291015625 609.280029296875 612.42999267578125 615.27001953125 618.30999755859375 621.219970703125 624.02001953125 626.03997802734375 627.94000244140625 629.15997314453125 630.25 630.69000244140625 630.760009765625 631.219970703125 631.79998779296875 632.55999755859375 633.969970703125 635.30999755859375 636.1500244140625 636.92999267578125 636.75 635.08001708984375 632.41998291015625 629.260009765625 625.94000244140625 622.17999267578125 618.989990234375 616.510009765625 615.53997802734375
568.08001708984375 575.25 582.0999755859375 588.260009765625 593.8900146484375 598.6099853515625 602.6500244140625 604.71002197265625 606.22998046875 607.41998291015625 608.030029296875 607.70001220703125 607.1199951171875 605.4000244140625 605.04998779296875 606.15997314453125 608.3599853515625 611.5999755859375 614.489990234375 617.239990234375 619.94000244140625 623.05999755859375 625.67999267578125 627.8800048828125 630.030029296875 631.17999267578125 632.65997314453125 633.08001708984375 633.1099853515625 633.6300048828125 634.219970703125 634.489990234375 635.030029296875 636.34002685546875 637 637.42999267578125 637.3499755859375 636.21002197265625 634.07000732421875 631.66998291015625 628.969970703125 625.95001220703125 622.95001220703125 619.75 618.28997802734375
565.05999755859375 571.32000732421875 581.28997802734375 588.1300048828125 593.09002685546875 597.80999755859375 602.280029296875 604.58001708984375 606.72998046875 608.4000244140625 609.05999755859375 609.04998779296875 608.09002685546875 607.16998291015625 607.6099853515625 609.1300048828125 610.54998779296875 613.42999267578125 616.19000244140625 618.94000244140625 621.760009765625 624.6400146484375 627.739990234375 629.91998291015625 631.83001708984375 633.47998046875 634.71002197265625 634.6099853515625 635.47998046875 636.22998046875 636.6199951171875 637.010009765625 637.02001953125 637.71002197265625 638.08001708984375 638.47998046875 638.45001220703125 637.97998046875 636.27001953125 634.27001953125 632.34002685546875 630.030029296875 626.59002685546875 622.8499755859375 621.04998779296875
564.04998779296875 568.70001220703125 579.0999755859375 586.91998291015625 593.1400146484375 597.22998046875 601.260009765625 604.66998291015625 607.52001953125 608.80999755859375 609.79998779296875 609.94000244140625 609.83001708984375 609.280029296875 609.6300048828125 611.1300048828125 612.530029296875 614.75 617.1500244140625 619.71002197265625 623.0999755859375 626.6300048828125 629.07000732421875 631.3800048828125 633.3900146484375 635.6099853515625 636.6300048828125 637.57000732421875 638.3599853515625 639.03997802734375 638.989990234375 639 638.71002197265625 639.1099853515625 639.78997802734375 640.0999755859375 640.1500244140625 639.45001220703125 638.719970703125 636.969970703125 635.219970703125 633.03997802734375 630.46002197265625 626.969970703125 623.79998779296875
564.32000732421875 567.27001953125 576.3499755859375 584.71002197265625 591.54998779296875 596.1300048828125 599.760009765625 603.67999267578125 606.8499755859375 608.02001953125 609.83001708984375 609.83001708984375 609.6199951171875 609.70001220703125 610.69000244140625 612.71002197265625 614.0999755859375 616.21002197265625 618.28997802734375 621.22998046875 624.989990234375 627.58001708984375 629.969970703125 633.09002685546875 635.3800048828125 637.42999267578125 638.3900146484375 639.8599853515625 640.90997314453125 641.45001220703125 641.1199951171875 640.75 640.57000732421875 640.69000244140625 641.19000244140625 641.54998779296875 641.52001953125 641.59002685546875 640.95001220703125 639.53997802734375 637.58001708984375 635.760009765625 633 629.8699951171875 626.55999755859375
565.21002197265625 566.530029296875 573.28997802734375 583.16998291015625 589.219970703125 594.04998779296875 597.77001953125 601.29998779296875 602.6300048828125 603.77001953125 605.989990234375 607.40997314453125 608.510009765625 609.5999755859375 611.04998779296875 612.59002685546875 614.3800048828125 616.78997802734375 619.05999755859375 622.15997314453125 625.55999755859375 628.44000244140625 631.3599853515625 634.08001708984375 636.469970703125 638.59002685546875 640.469970703125 641.90997314453125 642.70001220703125 643.1500244140625 643.3800048828125 642.95001220703125 642.69000244140625 642.77001953125 643.42999267578125 643.80999755859375 643.219970703125 643.59002685546875 643.34002685546875 641.83001708984375 640.1099853515625 638.5999755859375 636.1300048828125 632.53997802734375 629.66998291015625
566.1099853515625 566.82000732421875 573 580.90997314453125 587.469970703125 591.33001708984375 594.59002685546875 596.57000732421875 597.719970703125 599.1300048828125 601.59002685546875 603.90997314453125 605.739990234375 607.90997314453125 610.1500244140625 612.28997802734375 614.47998046875 616.66998291015625 619.40997314453125 622.8900146484375 625.69000244140625 628.92999267578125 631.96002197265625 634.9000244140625 637.4000244140625 639.84002685546875 642.04998779296875 643.510009765625 644.65997314453125 645.15997314453125 645.47998046875 644.94000244140625 644.77001953125 644.94000244140625 645.1500244140625 645.29998779296875 645.67999267578125 645.760009765625 645.17999267578125 644.6099853515625 642.91998291015625 641.04998779296875 638.46002197265625 635.21002197265625 633.91998291015625
566.8699951171875 567.1300048828125 573.3900146484375 580.3800048828125 585.510009765625 588.32000732421875 589.91998291015625 591.010009765625 593.719970703125 596.47998046875 600.25 603.219970703125 604.78997802734375 606.1300048828125 608.77001953125 611.47998046875 613.92999267578125 616.1500244140625 619.16998291015625 622.530029296875 626.27001953125 629.010009765625 632.28997802734375 635.0999755859375 637.989990234375 640.8900146484375 643.1300048828125 644.97998046875 646.030029296875 647.05999755859375 647.57000732421875 646.91998291015625 645.989990234375 646.219970703125 646.34002685546875 646.8900146484375 647.3800048828125 647.6099853515625 647.65997314453125 647.1199951171875 645.8699951171875 644.21002197265625 641.6199951171875 639.19000244140625 638.8800048828125
567.84002685546875 568.17999267578125 572.780029296875 581.05999755859375 583.67999267578125 584.97998046875 585.58001708984375 589.530029296875 595.54998779296875 600.79998779296875 603.96002197265625 606.469970703125 607.91998291015625 608.510009765625 609.32000732421875 610.969970703125 613.41998291015625 615.80999755859375 618.989990234375 622.1500244140625 626.03997802734375 628.8499755859375 631.969970703125 634.94000244140625 638.28997802734375 641.260009765625 644.22998046875 645.90997314453125 647.33001708984375 648.280029296875 647.989990234375 647.32000732421875 646.469970703125 646.83001708984375 647.25 648.5 648.97998046875 649.28997802734375 649.45001220703125 648.94000244140625 648.260009765625 646.79998779296875 644.71002197265625 643.1099853515625 642.71002197265625
569.1199951171875 568.739990234375 571.510009765625 577.760009765625 580.6099853515625 581.33001708984375 583.09002685546875 589.3699951171875 597.6199951171875 603.84002685546875 607.6099853515625 609.70001220703125 610.54998779296875 610.469970703125 610.45001220703125 611.46002197265625 613.1400146484375 615.67999267578125 618.29998779296875 621.530029296875 625.19000244140625 628.07000732421875 631.4000244140625 634.6099853515625 637.8900146484375 640.9000244140625 643.739990234375 646.03997802734375 648.20001220703125 649.08001708984375 649.05999755859375 647.6199951171875 647.07000732421875 647.47998046875 648.6400146484375 649.04998779296875 649.52001953125 651.21002197265625 650.84002685546875 650.75 649.69000244140625 648.8699951171875 648.0999755859375 647.1500244140625 646.66998291015625
570.28997802734375 570.03997802734375 570.9000244140625 573.739990234375 576.95001220703125 577.66998291015625 581.510009765625 587.70001220703125 594.3699951171875 601.72998046875 608 611.17999267578125 611.72998046875 610.989990234375 610.20001220703125 611.05999755859375 612.469970703125 614.57000732421875 617.41998291015625 620.77001953125 623.94000244140625 626.75 629.83001708984375 633 636.30999755859375 640.010009765625 642.97998046875 645.6199951171875 648.40997314453125 649.54998779296875 648.8499755859375 647.59002685546875 647.44000244140625 647.1199951171875 647.760009765625 648.66998291015625 649.59002685546875 650.40997314453125 651.09002685546875 651.1300048828125 650.719970703125 650.58001708984375 650.79998779296875 651.19000244140625 651.22998046875
572.0999755859375 571.34002685546875 571.54998779296875 574.8699951171875 578.19000244140625 579.9000244140625 581.46002197265625 584.67999267578125 590.1500244140625 595.57000732421875 603.6400146484375 609.1400146484375 610.8900146484375 609.95001220703125 608.67999267578125 608.90997314453125 610.66998291015625 612.84002685546875 615.44000244140625 618.239990234375 621.6099853515625 625.58001708984375 628.6199951171875 631.6199951171875 634.530029296875 637.780029296875 640.95001220703125 643.72998046875 646.5999755859375 647.28997802734375 646.8599853515625 646.17999267578125 646 645.760009765625 645.9000244140625 647.030029296875 648.3499755859375 649.1500244140625 649.91998291015625 650.79998779296875 651.72998046875 652.3599853515625 653.20001220703125 653.989990234375 654.45001220703125
573.72998046875 572.84002685546875 573.53997802734375 577.42999267578125 582.69000244140625 585.08001708984375 586.41998291015625 586.79998779296875 586.78997802734375 590.8800048828125 596.3599853515625 602.3900146484375 606.30999755859375 606.46002197265625 605.46002197265625 606 608.42999267578125 610.82000732421875 613.47998046875 616.3800048828125 619.59002685546875 623.53997802734375 627.09002685546875 630.0999755859375 633.16998291015625 635.3599853515625 638.40997314453125 640.8599853515625 643.17999267578125 643.71002197265625 643.67999267578125 643.219970703125 642.8499755859375 642.969970703125 643.67999267578125 644.96002197265625 646.719970703125 648.32000732421875 649.91998291015625 651.57000732421875 652.82000732421875 654.280029296875 655.30999755859375 655.92999267578125 657.1500244140625
576 573.91998291015625 574.42999267578125 579.469970703125 587.69000244140625 590.08001708984375 591.6500244140625 591.75 591.21002197265625 590.82000732421875 591.34002685546875 595.6199951171875 598.8800048828125 600.6500244140625 601.5999755859375 603.82000732421875 606.40997314453125 609.469970703125 612.42999267578125 615.21002197265625 618.33001708984375 621.72998046875 625 628.030029296875 631.1199951171875 633.66998291015625 635.8900146484375 638.030029296875 639.59002685546875 640.46002197265625 640.97998046875 640.469970703125 640.16998291015625 640.42999267578125 641.46002197265625 643.1099853515625 644.95001220703125 647.1099853515625 649.3599853515625 651.45001220703125 653.28997802734375 654.83001708984375 656.46002197265625 656.92999267578125 659.32000732421875
576.780029296875 574.53997802734375 576.30999755859375 583.77001953125 593.219970703125 595.84002685546875 597.57000732421875 597.760009765625 597.45001220703125 597.04998779296875 597.08001708984375 597.3900146484375 598.46002197265625 599.33001708984375 600.32000732421875 602.8499755859375 605.19000244140625 608.6300048828125 611.8699951171875 614.3599853515625 617.79998779296875 620.91998291015625 623.70001220703125 626.52001953125 629.05999755859375 631.17999267578125 632.96002197265625 634.6500244140625 635.83001708984375 636.5 636.90997314453125 636.780029296875 636.78997802734375 637.53997802734375 638.80999755859375 640.969970703125 643.33001708984375 645.96002197265625 648.780029296875 650.760009765625 652.83001708984375 654.760009765625 656.6400146484375 657.96002197265625 659.72998046875
